520 8 528 16 5.2877 1466
520 136 516 140 5.43178 489
520 152 516 156 5.42708 489
520 40 524 48 5.4156 2465
520 168 516 172 5.3994 368
520 184 516 188 5.37653 448
520 200 508 200 5.4244 340
520 216 512 216 5.44319 368
520 56 524 64 5.41716 2465
520 232 512 232 5.49319 220
520 248 508 248 5.48963 220
520 72 524 80 5.37022 2511
520 296 516 300 5.42661 448
520 312 520 316 5.31958 352
520 328 512 328 5.50957 1294
520 344 512 344 5.51131 1305
520 88 520 96 5.3004 2465
520 360 512 360 5.52362 220
520 376 512 376 5.54069 1305
520 24 524 32 5.34277 2563
520 392 512 392 5.54763 352
520 408 512 408 5.5402 352
520 104 520 112 5.34515 2417
520 424 512 424 5.5139 510
536 136 532 140 5.45696 340
536 152 532 156 5.45102 340
536 40 540 48 5.42426 2465
536 168 532 172 5.43602 368
536 184 532 188 5.41251 340
536 200 520 200 5.36203 340
536 56 540 64 5.41988 2465
536 232 528 232 5.4948 220
536 248 528 248 5.49119 220
536 264 524 264 5.44519 220
536 280 528 284 5.45445 220
536 72 540 80 5.37117 2511
536 328 528 328 5.5059 1368
536 344 528 344 5.51034 1305
536 88 536 96 5.30931 2417
536 360 528 360 5.51122 352
536 376 528 376 5.54042 1305
536 24 540 32 5.34782 2563
536 392 528 392 5.55489 220
536 408 528 408 5.55114 220
536 424 528 424 5.50486 510
536 120 536 124 5.33931 2417
136 8 128 4 5.22821 4739
136 136 124 132 5.11297 4774
136 152 120 148 5.05774 5054
136 40 128 36 5.08399 4842
136 168 128 168 5 5054
136 184 124 180 5.05348 4832
136 200 124 200 5.10696 4975
136 216 124 216 5.1318 5463
136 56 124 52 5.06826 4776
136 232 124 232 5.2034 3999
136 248 124 248 5.26342 5171
136 264 124 264 5.30688 4975
136 280 124 280 5.30464 4975
136 72 124 68 5.03693 4979
136 296 124 296 5.2995 4975
136 312 124 312 5.31425 4975
136 328 116 324 5.07018 5463
136 344 112 340 5.0395 3999
136 88 128 84 5.0545 4904
136 360 124 360 5.03086 3365
136 376 124 376 5.09288 3365
136 24 128 20 5.22187 4739
136 392 128 392 5.11655 3365
136 408 124 412 4.93917 3424
136 104 132 104 5.14284 4979
136 120 124 116 5.12846 4979
552 8 560 20 5.15773 2778
552 136 548 140 5.43245 340
552 152 548 156 5.4515 340
552 40 556 48 5.35685 2232
552 168 548 172 5.43565 368
552 184 544 188 5.4123 340
552 200 536 200 5.36117 340
552 216 528 216 5.38558 368
552 56 556 64 5.42308 2176
552 232 544 232 5.49113 220
552 248 544 248 5.48896 220
552 264 540 264 5.43521 220
552 72 556 80 5.40744 2176
552 312 540 316 5.42452 756
552 328 544 328 5.42185 1372
552 344 544 344 5.47741 1263
552 88 556 96 5.44619 2176
552 360 544 360 5.50012 220
552 376 544 376 5.52393 1263
552 24 556 32 5.2605 1243
552 392 544 392 5.55178 220
552 408 544 408 5.55562 220
552 104 556 112 5.43492 2176
552 424 544 424 5.51375 510
568 8 580 24 5.1813 2009
568 152 560 156 5.39764 392
568 40 568 48 5.33009 2465
568 168 564 172 5.39985 392
568 184 560 188 5.35213 516
568 200 564 204 5.30574 220
568 216 564 220 5.36751 448
568 56 572 64 5.42727 2176
568 232 560 232 5.43165 1303
568 248 560 248 5.42332 1303
568 264 556 264 5.34986 1303
568 280 556 280 5.40067 554
568 72 572 80 5.43307 2176
568 296 564 296 5.39538 220
568 312 560 316 5.47538 687
568 328 560 328 5.44676 220
568 344 560 344 5.4799 1232
568 88 572 96 5.44537 2176
568 360 560 360 5.48492 350
568 376 560 376 5.5127 510
568 24 572 36 5.24882 2563
568 392 560 392 5.52009 350
568 408 560 408 5.52919 350
568 104 572 112 5.44173 2176
568 424 560 424 5.4992 510
568 120 572 128 5.3382 2039
584 8 600 28 5.21557 2364
584 136 584 144 5.40386 478
584 152 584 160 5.39772 478
584 40 584 52 5.18947 2232
584 168 580 176 5.34068 368
584 200 576 204 5.31789 220
584 56 588 64 5.29853 2417
584 232 576 232 5.35554 220
584 264 572 260 5.31158 488
584 280 572 280 5.4643 392
584 72 588 80 5.36273 2232
584 296 576 296 5.47912 464
584 312 576 316 5.47981 464
584 328 576 328 5.46638 510
584 344 576 344 5.48911 1232
584 88 584 96 5.38078 2176
584 360 576 360 5.46977 1232
584 376 576 376 5.49331 608
584 24 596 40 5.18839 2182
584 392 576 392 5.50921 1294
584 408 576 408 5.5084 1294
584 104 588 112 5.39008 2176
584 424 576 424 5.49894 608
584 120 584 128 5.33448 2232
600 8 616 24 5.24273 2364
600 136 604 148 5.31493 491
600 152 600 160 5.38052 491
600 40 616 56 5.21594 1982
600 168 600 176 5.29403 392
600 184 596 192 5.36725 448
600 216 580 216 5.3698 448
600 56 604 64 5.28307 2176
600 248 588 248 5.37021 448
600 264 588 260 5.40085 340
600 280 592 280 5.47625 392
600 72 604 84 5.3813 2289
600 296 592 296 5.4831 220
600 312 592 312 5.48715 640
600 328 592 328 5.4645 640
600 344 592 344 5.46919 1305
600 88 604 100 5.40419 2176
600 360 592 360 5.47883 352
600 376 592 376 5.47104 756
600 24 616 40 5.24088 1982
600 392 592 392 5.48781 1368
600 408 592 408 5.47347 1368
600 104 604 116 5.39024 2176
600 424 592 424 5.47436 756
600 120 604 132 5.31614 2039
152 8 144 4 5.15591 4959
152 136 140 132 5.09626 4774
152 152 140 148 5.02159 5161
152 40 144 36 5.10175 4704
152 184 140 184 5.08685 4832
152 200 140 200 5.11364 5121
152 216 140 216 5.09753 5316
152 56 140 52 5.01453 5102
152 232 140 232 5.11217 3947
152 248 140 248 5.22338 4832
152 264 140 264 5.19685 4832
152 280 136 280 5.17784 5121
152 72 140 68 5.02388 5102
152 296 140 296 4.98025 4832
152 312 140 312 5.04258 5121
152 328 132 324 5.00096 5316
152 344 140 344 5.06735 4148
152 360 140 360 5.14941 4148
152 376 140 376 5.17892 4148
152 24 144 20 5.19341 4959
152 392 144 392 5.17123 4148
152 408 144 412 4.99562 3943
152 104 144 104 5.12608 5102
152 424 144 424 4.97776 4288
152 120 140 116 5.1482 5102
616 8 636 28 5.15444 1931
616 136 620 148 5.31116 340
616 152 616 160 5.34263 392
616 40 632 56 5.2566 1982
616 168 612 176 5.29747 392
616 184 612 192 5.36255 448
616 216 608 220 5.39647 220
616 56 628 68 5.23983 1933
616 232 596 232 5.34101 1303
616 248 608 248 5.44516 1410
616 264 608 264 5.44621 488
616 280 612 280 5.44365 554
616 72 620 76 5.17579 1933
616 312 608 312 5.51459 756
616 328 608 328 5.51063 756
616 88 620 100 5.24622 1933
616 360 608 360 5.466 220
616 376 608 376 5.45009 220
616 24 636 44 5.23235 1982
616 392 608 392 5.49348 520
616 408 608 408 5.47585 520
616 104 620 116 5.22284 1933
616 424 608 424 5.46564 510
616 120 620 132 5.23251 734
632 8 648 28 5.0972 1592
632 152 632 164 5.3546 392
632 40 652 60 5.1864 1481
632 168 632 180 5.32338 392
632 184 628 192 5.35747 392
632 200 628 208 5.40642 686
632 56 652 76 5.20818 1481
632 232 612 232 5.35202 1303
632 248 624 248 5.43989 1410
632 264 628 260 5.42997 488
632 280 624 276 5.43458 488
632 72 648 88 5.11853 1569
632 312 624 312 5.53506 687
632 328 624 328 5.53328 687
632 344 624 344 5.46537 687
632 376 624 376 5.46714 380
632 24 648 36 5.05538 1746
632 392 624 392 5.52325 380
632 408 624 408 5.52372 380
632 104 636 124 5.05385 1383
632 424 624 424 5.45316 510
40 8 28 4 5.22129 4776
40 136 28 136 5.02646 4774
40 152 24 152 5.01435 4903
40 40 28 36 5.21417 4842
40 168 28 168 5.09443 5054
40 184 28 184 5.12396 4832
40 200 28 200 5.185 5121
40 216 28 216 5.1968 5316
40 56 28 52 5.20537 4776
40 232 28 232 5.19546 5316
40 248 28 248 5.18749 5316
40 264 28 264 5.23122 5121
40 280 28 280 5.24537 5316
40 72 28 68 5.17208 4722
40 296 28 296 5.26491 5121
40 312 28 312 5.29877 5316
40 328 28 328 5.30658 5316
40 344 28 344 5.29498 4417
40 88 28 84 5.14664 4739
40 360 28 360 5.04469 4536
40 376 12 368 4.9315 4904
40 24 28 20 5.23088 4776
40 392 16 384 5.02389 4904
40 408 16 400 4.951 3943
40 104 28 100 5.12111 4704
40 424 20 428 4.80145 3907
40 120 28 116 5.0406 5102
648 8 664 28 5.15963 1432
648 136 640 136 5.30703 798
648 152 640 152 5.30469 470
648 40 664 60 5.10065 1276
648 184 648 196 5.30692 470
648 200 644 208 5.40299 686
648 216 644 224 5.40173 686
648 56 668 76 5.13099 1276
648 248 644 248 5.3367 686
648 264 640 260 5.27369 686
648 280 640 276 5.28232 686
648 72 668 92 5.11188 1495
648 312 640 312 5.53426 687
648 328 640 328 5.5364 687
648 344 640 344 5.49823 726
648 88 664 104 5.05539 1276
648 360 636 360 5.50382 726
648 376 640 376 5.46978 380
648 24 660 36 5.07739 1220
648 392 640 392 5.5189 380
648 408 640 408 5.51969 380
648 104 640 104 5.1713 1026
648 424 640 424 5.43996 687
648 120 640 120 5.29268 798
664 8 680 28 5.16618 1432
664 136 656 136 5.30364 798
664 152 656 152 5.26403 489
664 40 680 60 5.15698 1309
664 168 656 168 5.22985 596
664 184 656 188 5.18678 596
664 200 660 208 5.38349 489
664 216 660 224 5.3997 489
664 56 680 76 5.00552 1387
664 232 660 240 5.32511 596
664 264 656 264 5.1605 489
664 280 660 284 5.29732 554
664 72 684 92 4.93421 1342
664 296 660 296 5.38921 380
664 312 656 312 5.5289 726
664 328 656 328 5.53157 726
664 88 680 104 4.88123 1107
664 360 656 360 5.51252 687
664 376 656 376 5.47689 380
664 24 680 44 5.17203 1129
664 392 656 392 5.49901 380
664 408 656 408 5.48498 380
664 424 656 424 5.4367 687
664 120 656 120 5.29223 798
168 8 160 4 5.06439 4768
168 136 156 132 5.04447 4897
168 152 156 152 4.96782 4942
168 40 160 36 5.05749 4795
168 168 176 164 4.92087 4942
168 184 172 180 4.9403 3624
168 200 164 204 5.01128 4819
168 216 160 216 5.0836 3567
168 56 160 52 5.04783 4891
168 232 156 232 5.11155 3710
168 248 156 248 5.12192 3807
168 264 156 264 5.09779 3807
168 280 156 280 5.09073 3710
168 72 156 72 5.03542 4891
168 296 160 292 4.90428 4983
168 328 160 328 4.89738 3870
168 344 160 344 5.20797 3818
168 88 156 88 5.01788 4891
168 360 160 360 5.17842 3818
168 376 160 376 5.20072 3818
168 24 160 20 5.08086 4768
168 392 160 392 5.1735 3818
168 408 160 408 5.0725 3870
168 104 160 104 5.07617 4891
168 424 160 424 5.04401 3907
168 120 156 120 5.07052 4891
680 8 696 28 5.12488 1129
680 136 672 136 5.28247 170
680 40 696 60 5.15091 1309
680 184 672 184 5.1718 116
680 200 676 208 5.22591 1334
680 216 676 224 5.3147 687
680 56 696 76 4.98953 1334
680 248 672 248 5.11093 116
680 264 672 264 5.09743 446
680 280 676 280 5.30221 554
680 296 676 296 5.44934 464
680 312 672 312 5.52823 687
680 328 672 328 5.52674 687
680 344 668 344 5.51749 687
680 376 672 376 5.45597 380
680 24 696 44 5.18223 1129
680 392 672 392 5.49465 380
680 408 672 408 5.49782 380
680 424 672 424 5.45716 687
680 120 672 120 5.27601 170
696 8 708 28 5.07574 1166
696 136 688 136 5.2865 170
696 152 684 152 5.26189 76
696 40 712 60 4.87169 1348
696 168 684 168 5.23643 76
696 184 688 184 5.243 28
696 232 688 236 5.35276 204
696 248 688 252 5.35768 76
696 264 688 268 5.28851 76
696 280 692 284 5.08124 592
696 296 688 296 5.43817 464
696 312 688 312 5.52094 726
696 328 688 328 5.52347 726
696 344 684 344 5.50625 726
696 88 688 88 5.01123 620
696 360 684 360 5.51051 726
696 376 688 376 5.4474 464
696 24 708 36 4.99932 1166
696 392 688 392 5.38451 464
696 408 688 408 5.44746 726
696 104 688 104 5.24484 204
696 424 688 424 5.44139 726
696 120 688 120 5.24632 170
712 136 704 136 5.23808 56
712 152 704 152 5.2503 156
712 168 704 168 5.2711 56
712 200 700 200 5.26046 26
712 216 700 216 5.21628 26
712 232 704 236 5.31014 204
712 248 704 252 5.41147 56
712 264 704 268 5.40512 56
712 280 704 280 5.33474 26
712 72 704 76 5.02783 676
712 296 704 296 5.39543 336
712 312 704 312 5.52006 640
712 328 704 328 5.51894 640
712 344 704 344 5.49407 640
712 360 700 360 5.5064 640
712 408 704 408 5.4085 640
712 104 704 104 5.33087 156
712 424 704 424 5.37281 640
712 120 704 120 5.29228 156
728 8 720 8 5.3416 276
728 136 720 136 5.37065 64
728 152 720 152 5.3289 196
728 184 716 184 5.22259 30
728 200 716 200 5.24963 30
728 216 720 216 5.24844 30
728 248 720 252 5.38813 56
728 264 720 268 5.39526 56
728 72 720 72 5.26626 180
728 312 720 312 5.4564 604
728 328 720 328 5.48714 604
728 88 720 88 5.30633 360
728 360 720 360 5.43272 604
728 376 720 376 5.34691 1368
728 24 720 24 5.34082 276
728 392 720 392 5.32386 352
728 408 720 408 5.3646 352
728 104 720 104 5.30905 196
184 8 176 4 5.01595 4536
184 152 188 156 4.62402 3645
184 40 176 36 4.95683 3578
184 184 184 188 4.92673 3624
184 200 180 200 5.04908 4365
184 216 176 216 5.13294 4546
184 232 172 232 5.14334 4546
184 248 172 252 5.05519 4365
184 264 168 260 5.09434 4546
184 280 172 280 5.0936 3735
184 72 176 68 4.94133 3567
184 312 172 304 4.80623 3074
184 328 176 328 5.04093 3684
184 344 176 344 5.20791 3807
184 88 172 88 4.94495 5137
184 360 176 360 5.22401 3807
184 376 176 376 5.23604 3807
184 392 176 392 5.22244 3807
184 408 176 408 5.1378 3074
184 104 176 104 4.88124 3578
184 424 176 428 5.06047 3914
184 120 172 120 4.6431 5137
744 8 736 8 5.37061 424
744 40 732 40 5.3652 246
744 168 732 168 5.34046 44
744 184 736 184 5.34772 12
744 200 732 200 5.32189 52
744 56 732 56 5.34599 246
744 232 732 232 5.30041 44
744 280 732 280 5.36411 52
744 72 736 72 5.35587 120
744 328 736 328 5.41782 448
744 344 732 344 5.39598 28
744 88 736 88 5.37963 120
744 24 736 24 5.35309 216
744 104 736 104 5.32965 144
744 424 732 420 5.22291 448
744 120 732 120 5.40897 44
760 8 752 8 5.35275 424
760 136 748 136 5.38304 6
760 152 748 152 5.4066 36
760 40 752 40 5.35065 186
760 168 748 168 5.40469 36
760 184 752 184 5.37148 6
760 200 748 200 5.36933 14
760 216 748 216 5.29638 6
760 232 748 232 5.34522 6
760 248 748 248 5.32494 36
760 264 748 264 5.36725 6
760 72 752 72 5.3824 384
760 296 748 296 5.43576 6
760 312 748 312 5.42183 6
760 88 752 88 5.37558 284
760 360 748 360 5.41388 36
760 376 748 376 5.39097 6
760 24 752 24 5.33599 186
760 392 752 392 5.35256 14
760 408 748 408 5.36075 32
760 424 752 424 5.19944 510
760 120 748 120 5.41133 36
776 8 768 8 5.37649 413
776 136 764 136 5.45965 0
776 152 764 152 5.4743 0
776 168 764 168 5.44502 18
776 200 764 200 5.42178 2
776 216 764 216 5.37889 0
776 56 764 56 5.35265 228
776 232 764 232 5.37182 0
776 248 764 248 5.4006 18
776 264 764 264 5.4337 0
776 280 764 280 5.4382 0
776 72 768 72 5.38543 228
776 296 764 296 5.44968 0
776 312 764 312 5.47274 0
776 328 764 328 5.41705 0
776 344 764 344 5.44536 18
776 88 768 88 5.42797 188
776 360 764 360 5.44773 0
776 24 768 24 5.3766 138
776 408 764 408 5.34142 8
776 104 764 104 5.40916 96
792 136 780 136 5.51638 505
792 152 780 152 5.50246 505
792 40 780 40 5.39312 138
792 168 780 168 5.44814 505
792 184 780 184 5.47046 505
792 200 780 200 5.42598 470
792 216 780 216 5.39691 372
792 56 780 56 5.352 228
792 232 780 232 5.42578 372
792 248 780 248 5.44406 372
792 264 780 264 5.44991 505
792 280 780 280 5.46336 505
792 296 780 296 5.47083 0
792 312 780 312 5.46732 0
792 328 780 328 5.41 0
792 344 780 344 5.43274 18
792 88 784 88 5.39253 188
792 376 780 376 5.45116 505
792 392 780 392 5.36845 2
792 408 780 408 5.36231 372
792 104 780 104 5.43236 96
792 424 780 424 5.25252 608
792 120 780 120 5.45648 760
200 8 192 4 5.02284 4536
200 184 200 188 4.74274 4724
200 200 192 204 5.04997 4365
200 216 192 220 5.12759 3490
200 56 188 56 4.97104 4480
200 232 188 232 5.15288 3490
200 248 184 248 5.16803 3490
200 264 184 260 5.14563 3490
200 280 188 280 5.02539 4417
200 72 192 68 4.94792 4489
200 296 192 288 4.83804 3496
200 312 192 312 4.92566 3048
200 328 192 328 5.02898 3684
200 344 192 344 5.16143 3807
200 88 192 84 4.84873 4417
200 360 192 360 5.22578 3807
200 376 196 376 5.22262 3807
200 24 188 24 4.97187 4417
200 392 192 392 5.23163 3807
200 408 192 408 5.16332 3074
200 104 212 116 4.72817 3173
200 424 192 428 5.08396 3048
808 8 796 8 5.38632 120
808 136 796 136 5.52775 672
808 152 796 152 5.50115 672
808 40 796 40 5.39423 120
808 168 796 168 5.48835 672
808 184 796 184 5.48652 672
808 200 796 200 5.47983 578
808 216 796 216 5.46545 558
808 56 796 56 5.40157 120
808 232 796 232 5.45157 558
808 248 796 248 5.45182 558
808 264 796 264 5.4534 672
808 280 796 280 5.4682 672
808 72 796 72 5.37501 168
808 296 796 296 5.4445 578
808 328 796 328 5.44488 672
808 344 796 344 5.45737 170
808 360 796 360 5.49477 672
808 376 796 376 5.47173 672
808 24 796 24 5.41238 120
808 392 796 392 5.36731 558
808 408 796 408 5.41945 558
808 104 796 104 5.4158 96
808 424 796 424 5.25484 709
824 8 812 8 5.43508 142
824 136 812 136 5.55187 28
824 152 812 152 5.54085 28
824 40 812 40 5.43818 142
824 168 812 168 5.53267 28
824 184 812 184 5.53487 28
824 200 812 200 5.49715 628
824 216 812 216 5.47551 484
824 56 812 56 5.44659 142
824 232 812 232 5.4459 484
824 248 812 248 5.46037 76
824 264 812 264 5.5081 28
824 280 812 280 5.50973 28
824 72 812 72 5.37251 186
824 296 812 296 5.50918 28
824 312 812 312 5.51339 28
824 328 812 328 5.50755 28
824 344 812 344 5.4805 28
824 88 812 88 5.42364 188
824 360 812 360 5.52167 28
824 376 812 376 5.5259 28
824 24 812 24 5.43469 142
824 392 812 392 5.41652 628
824 408 812 408 5.46857 484
824 104 816 104 5.42505 204
824 424 812 424 5.40364 691
824 120 812 120 5.51829 76
840 8 828 8 5.45558 413
840 136 828 136 5.53508 28
840 152 828 152 5.51614 28
840 40 828 40 5.47021 413
840 168 828 168 5.54795 88
840 184 828 184 5.54697 88
840 200 828 200 5.53665 84
840 216 828 216 5.4984 88
840 56 828 56 5.47064 413
840 232 828 232 5.48848 88
840 248 828 248 5.49206 56
840 264 828 264 5.5173 0
840 280 828 280 5.52777 0
840 72 828 72 5.35859 138
840 296 828 296 5.53299 56
840 312 828 312 5.51705 0
840 328 828 328 5.54206 0
840 344 828 344 5.53468 0
840 88 828 88 5.41541 284
840 360 828 360 5.52516 0
840 376 828 376 5.52496 0
840 24 828 24 5.45897 413
840 392 828 392 5.44771 628
840 408 828 408 5.4571 484
840 104 832 104 5.40494 204
840 424 828 424 5.40094 691
840 120 828 120 5.52016 76
856 8 844 8 5.47135 536
856 136 844 136 5.53274 468
856 152 844 152 5.56424 480
856 40 844 40 5.49868 536
856 168 844 168 5.57522 376
856 184 844 184 5.57746 376
856 200 844 200 5.57465 480
856 216 844 216 5.5639 376
856 56 844 56 5.50393 536
856 232 844 232 5.55485 480
856 248 844 248 5.52609 480
856 264 844 264 5.58378 376
856 280 844 280 5.58988 376
856 72 844 72 5.43041 562
856 296 844 296 5.56323 648
856 312 844 312 5.5245 468
856 328 844 328 5.56933 468
856 344 844 344 5.56665 468
856 88 844 88 5.39411 188
856 360 844 360 5.54531 468
856 376 844 376 5.54658 468
856 24 844 24 5.47619 536
856 392 844 392 5.39319 480
856 408 844 408 5.42371 376
856 424 844 420 5.30967 648
856 120 844 120 5.51536 76
216 8 208 4 4.95733 3245
216 136 208 132 4.61562 3219
216 152 212 144 4.79477 3205
216 168 212 164 4.83056 3205
216 184 212 176 4.7341 3219
216 200 208 204 5.05802 3563
216 216 208 216 5.15051 3490
216 56 204 56 4.89194 3563
216 232 208 236 5.1356 3490
216 248 200 248 5.16199 3490
216 264 200 260 5.14531 3490
216 280 212 272 4.88575 3427
216 72 228 76 4.79727 3219
216 296 208 288 4.89854 2974
216 312 208 312 4.93893 3093
216 328 208 324 5.05161 3684
216 344 208 344 5.0945 3818
216 88 224 104 4.87847 3211
216 360 208 360 5.18699 3074
216 376 208 376 5.20847 3818
216 392 208 392 5.1637 3818
216 408 212 408 5.07455 3117
216 104 228 116 4.87918 3211
216 424 208 424 5.12574 3048
872 8 860 8 5.4677 536
872 136 860 136 5.54935 468
872 152 860 152 5.58024 480
872 40 860 40 5.49521 536
872 168 860 168 5.58276 376
872 184 860 184 5.59059 376
872 200 860 200 5.5753 480
872 216 860 216 5.57789 376
872 56 860 56 5.49995 536
872 232 860 232 5.5639 578
872 248 860 248 5.53933 578
872 264 860 264 5.58557 376
872 280 860 280 5.59335 376
872 72 860 72 5.46067 409
872 296 860 296 5.5662 648
872 312 860 312 5.52757 468
872 328 860 328 5.57465 468
872 344 860 344 5.57519 468
872 88 860 88 5.37246 228
872 360 860 360 5.56316 0
872 376 860 376 5.55919 0
872 24 860 24 5.47635 409
872 392 860 392 5.51006 578
872 408 860 408 5.47919 558
872 104 860 104 5.41862 204
872 424 860 424 5.38312 709
872 120 860 120 5.49487 76
888 8 876 8 5.45038 536
888 136 876 136 5.52534 26
888 152 876 152 5.58135 480
888 40 876 40 5.50877 536
888 168 876 168 5.59544 376
888 184 876 184 5.5973 376
888 200 876 200 5.58854 376
888 216 876 216 5.59623 480
888 56 876 56 5.50854 536
888 232 876 232 5.59966 376
888 248 876 248 5.59185 376
888 264 876 264 5.59196 376
888 280 876 280 5.58658 376
888 72 876 72 5.44999 409
888 296 876 296 5.56184 648
888 312 876 312 5.49874 468
888 328 876 328 5.56167 0
888 344 876 344 5.57339 0
888 88 876 88 5.3703 228
888 360 876 360 5.57769 468
888 376 876 376 5.57239 468
888 24 876 24 5.49936 562
888 392 876 392 5.53635 480
888 408 876 408 5.47912 484
888 104 876 104 5.41921 96
888 424 876 424 5.40641 691
888 120 876 120 5.45263 18
56 8 44 4 5.21941 4776
56 136 40 132 5.05337 4897
56 152 40 148 5.00184 4772
56 40 44 36 5.2121 4842
56 168 44 168 5.0052 5161
56 184 44 184 5.10725 4832
56 200 44 200 5.23425 4975
56 216 44 216 5.231 5463
56 56 44 52 5.18721 4776
56 232 44 232 5.21601 5463
56 248 44 248 5.22856 5463
56 264 44 264 5.25571 4975
56 280 44 280 5.25768 5463
56 72 44 68 5.12158 4722
56 296 44 296 5.2965 4417
56 312 44 312 5.30726 5316
56 328 44 328 5.30985 5316
56 344 44 344 5.29821 4417
56 88 44 84 5.12642 4739
56 360 44 360 5.06234 4536
56 376 32 368 4.95229 4904
56 24 44 20 5.22506 4776
56 392 32 384 5.00454 4904
56 104 44 100 5.13873 4842
56 424 36 428 4.81825 3907
56 120 40 116 5.10448 4979
904 8 892 8 5.4752 536
904 136 892 136 5.52679 468
904 152 892 152 5.57733 480
904 40 892 40 5.5033 536
904 168 892 168 5.58791 376
904 184 892 184 5.59327 376
904 200 892 200 5.57273 376
904 216 892 216 5.58959 480
904 56 892 56 5.51505 536
904 232 892 232 5.59696 376
904 248 892 248 5.59673 376
904 264 892 264 5.59241 376
904 280 892 280 5.58917 376
904 72 888 72 5.41111 409
904 296 892 296 5.56589 648
904 312 892 312 5.50762 468
904 328 892 328 5.52176 468
904 344 892 344 5.54975 468
904 88 892 88 5.33398 276
904 360 892 360 5.57491 468
904 376 892 376 5.57159 468
904 24 892 24 5.50071 562
904 392 892 392 5.5362 480
904 408 892 408 5.50954 558
904 104 892 104 5.40623 196
904 424 892 424 5.43874 709
904 120 892 120 5.38774 695
920 8 908 8 5.44401 417
920 136 908 136 5.49615 672
920 152 908 152 5.56092 578
920 40 908 40 5.49149 417
920 168 908 168 5.55775 558
920 184 908 184 5.56336 558
920 200 908 200 5.5563 578
920 216 908 216 5.55783 578
920 56 908 56 5.50225 417
920 232 908 232 5.55756 558
920 248 908 248 5.5678 578
920 264 908 264 5.56031 578
920 280 908 280 5.55804 558
920 72 908 72 5.47345 562
920 296 908 296 5.53972 170
920 312 908 312 5.52917 672
920 328 908 328 5.51999 672
920 344 908 344 5.50879 578
920 88 908 88 5.35449 276
920 360 908 360 5.54926 672
920 376 908 376 5.55018 672
920 24 908 24 5.49427 409
920 392 908 392 5.5347 578
920 408 908 408 5.52571 558
920 104 908 104 5.34202 662
920 424 908 424 5.41043 709
920 120 908 120 5.39192 170
232 8 224 4 4.92553 3186
232 136 224 128 4.84558 3197
232 152 224 144 5.07009 3134
232 40 220 40 4.95192 3265
232 168 224 160 5.05761 3134
232 184 228 176 4.92085 3134
232 200 228 192 5.02777 3424
232 216 224 216 5.15052 3498
232 56 220 56 4.9406 3180
232 248 216 252 5.10782 3427
232 264 228 260 4.99774 3498
232 280 224 272 4.91665 3427
232 72 240 80 5.03608 3197
232 312 224 308 4.99522 2981
232 328 228 328 4.96771 3684
232 344 228 344 5.12843 3818
232 88 240 100 5.11979 3078
232 360 224 360 5.18324 3074
232 376 224 376 5.20573 3818
232 24 220 24 4.95399 3265
232 392 224 392 5.1917 3818
232 408 224 408 5.10756 3024
232 104 244 112 5.12144 3078
232 424 224 424 5.13704 3048
936 8 924 8 5.44646 536
936 136 924 136 5.47168 28
936 152 924 152 5.47503 628
936 40 924 40 5.46912 562
936 168 924 168 5.54272 484
936 184 924 184 5.53424 484
936 200 924 200 5.53863 484
936 216 924 216 5.53799 484
936 56 924 56 5.4908 562
936 232 924 232 5.50731 28
936 248 924 248 5.52076 628
936 264 924 264 5.52082 628
936 280 924 280 5.5125 484
936 72 924 72 5.48795 562
936 296 924 296 5.5031 76
936 312 924 312 5.48799 28
936 328 924 328 5.48591 28
936 344 920 344 5.47047 28
936 88 924 88 5.38252 276
936 360 924 360 5.50892 28
936 376 924 376 5.51836 28
936 24 924 24 5.46782 562
936 392 924 392 5.51111 628
936 408 924 408 5.48524 484
936 104 924 104 5.3517 204
936 424 924 424 5.2905 691
936 120 924 120 5.36903 76
952 8 940 8 5.42752 536
952 136 940 136 5.37685 26
952 152 940 152 5.40401 84
952 40 940 40 5.4648 562
952 168 940 168 5.4927 88
952 184 940 184 5.48775 88
952 200 940 200 5.49716 88
952 216 940 216 5.47688 88
952 56 940 56 5.47936 562
952 232 940 232 5.4233 84
952 248 940 248 5.43376 56
952 264 940 264 5.45894 88
952 280 940 280 5.47695 88
952 72 940 72 5.47457 562
952 296 940 296 5.46821 56
952 312 940 312 5.43535 26
952 328 940 328 5.41837 26
952 344 940 344 5.38592 26
952 88 936 88 5.33184 644
952 360 936 360 5.46538 26
952 376 940 376 5.43814 26
952 24 940 24 5.45519 562
952 392 940 392 5.43775 84
952 408 940 408 5.4083 88
952 104 940 104 5.30897 156
952 424 940 424 5.35933 648
952 120 940 120 5.35936 56
968 8 952 12 5.41456 536
968 136 952 136 5.33619 468
968 152 952 152 5.42094 480
968 40 956 40 5.45522 562
968 168 956 168 5.45623 376
968 184 956 184 5.49003 376
968 200 956 200 5.4724 376
968 216 956 216 5.47365 376
968 56 956 56 5.46293 562
968 232 956 232 5.44045 480
968 248 956 248 5.42205 480
968 264 952 260 5.45131 376
968 280 956 280 5.40648 376
968 72 956 72 5.45744 562
968 296 956 296 5.42793 648
968 312 956 312 5.3487 468
968 328 952 328 5.39114 468
968 344 952 344 5.38836 480
968 88 956 92 5.29468 276
968 360 956 360 5.40955 468
968 376 952 376 5.39686 468
968 24 956 24 5.45058 562
968 392 956 392 5.41042 480
968 408 956 408 5.37217 376
968 104 952 104 5.24686 196
968 424 956 424 5.34571 648
968 120 956 120 5.32966 695
984 8 968 12 5.36954 417
984 136 972 136 5.36008 12
984 152 968 152 5.38069 600
984 40 972 40 5.43403 409
984 168 972 172 5.39985 588
984 184 972 184 5.41854 600
984 200 968 200 5.43243 588
984 216 968 216 5.40659 588
984 56 972 56 5.36846 409
984 232 968 232 5.36316 32
984 248 968 248 5.41523 600
984 264 968 264 5.42004 32
984 280 972 280 5.41072 32
984 72 972 72 5.38648 409
984 296 968 296 5.41343 36
984 312 972 312 5.33494 6
984 328 968 328 5.3863 12
984 344 972 344 5.37981 12
984 88 968 88 5.29693 216
984 360 968 360 5.35895 12
984 376 968 376 5.36951 600
984 24 972 24 5.43605 409
984 392 968 392 5.36921 600
984 408 972 408 5.34767 588
984 104 972 104 5.2345 144
984 424 968 420 5.35302 746
984 120 972 120 5.31792 44
248 152 244 148 5.07352 2962
248 168 240 160 5.04959 2962
248 184 244 176 4.94192 3102
248 200 240 192 4.99741 3424
248 216 240 208 5.02005 3424
248 56 252 64 4.99546 2962
248 232 244 236 4.9963 3424
248 248 244 244 5.0316 3424
248 280 244 272 5.02805 3042
248 296 236 292 5.05495 2877
248 312 240 308 5.10303 2877
248 328 240 324 4.97033 3684
248 344 244 344 5.16326 3807
248 88 256 100 5.12879 2962
248 376 240 376 5.21808 3807
248 24 236 24 5.01444 3184
248 392 240 392 5.21296 3807
248 408 240 408 5.21075 2877
248 104 260 112 5.13666 2962
248 424 244 428 5.09037 3048
1000 8 988 8 5.31182 456
1000 136 984 136 5.32913 6
1000 152 984 152 5.34917 2
1000 40 984 40 5.38308 442
1000 168 984 168 5.35663 8
1000 184 984 180 5.36173 8
1000 200 984 200 5.3443 32
1000 216 984 216 5.41077 2
1000 56 984 56 5.30031 456
1000 232 984 232 5.42331 8
1000 248 984 248 5.42741 2
1000 264 984 264 5.4306 2
1000 280 984 280 5.43347 8
1000 72 984 76 5.29152 442
1000 296 984 296 5.44078 18
1000 312 984 312 5.37571 0
1000 328 984 328 5.388 6
1000 344 984 344 5.36033 6
1000 88 984 88 5.27902 238
1000 360 988 360 5.31244 6
1000 376 984 376 5.35741 2
1000 24 984 24 5.37679 442
1000 392 984 392 5.36901 2
1000 408 984 408 5.3313 32
1000 104 988 108 5.24711 428
1000 424 988 420 5.23607 272
1000 120 988 120 5.20472 36
1016 8 1004 8 5.3143 413
1016 136 1000 136 5.27406 0
1016 152 1000 152 5.36874 2
1016 40 1000 44 5.33442 394
1016 168 1000 168 5.37786 8
1016 184 1000 184 5.38978 8
1016 200 1000 200 5.37514 8
1016 216 1000 216 5.41235 2
1016 56 1000 60 5.29167 413
1016 232 1000 232 5.42991 8
1016 248 1000 248 5.43499 2
1016 264 1000 264 5.42912 2
1016 280 1000 280 5.42643 8
1016 72 1000 72 5.26953 394
1016 296 1000 296 5.42337 18
1016 312 1000 312 5.40221 0
1016 328 1000 328 5.36585 2
1016 344 1000 344 5.33588 0
1016 88 1000 88 5.29166 212
1016 360 1000 360 5.33256 0
1016 376 1000 376 5.35703 2
1016 24 1000 28 5.30887 394
1016 392 1000 392 5.37467 2
1016 408 1000 408 5.32378 8
1016 104 1000 104 5.24731 428
1016 120 1000 120 5.21453 18
264 8 252 8 5.01091 2979
264 152 260 144 5.17263 2898
264 40 252 40 5.04905 3087
264 168 260 160 5.20895 2898
264 184 260 176 5.06225 3098
264 216 256 204 4.82854 3085
264 232 256 228 4.67466 4148
264 264 264 252 4.93649 2936
264 280 260 272 4.92962 3042
264 72 272 80 5.20072 2898
264 296 252 292 5.11717 2877
264 312 256 308 5.10138 2877
264 328 256 328 5.02125 3870
264 344 256 344 5.14504 3818
264 88 268 88 5.10781 2898
264 360 256 360 5.19373 3818
264 376 256 376 5.21346 3807
264 24 252 24 5.06747 3087
264 392 256 392 5.21997 3807
264 408 256 408 5.19605 2877
264 424 256 424 5.07392 3914
280 8 272 8 5.00614 2908
280 136 280 132 5.25908 2903
280 152 276 144 5.24457 2903
280 40 268 40 5.10486 2978
280 168 276 160 5.20348 2903
280 200 272 188 5.02622 2948
280 56 284 60 5.25243 2903
280 232 276 220 4.60468 2951
280 248 280 236 4.80681 3781
280 280 272 276 4.7995 3042
280 72 284 76 5.24854 2903
280 296 272 292 5.08927 2877
280 312 272 308 5.10272 3914
280 328 272 328 5.20129 3684
280 344 272 344 5.24499 3807
280 360 272 360 5.22846 3807
280 376 272 376 5.21135 3807
280 392 272 392 5.17376 3807
280 408 272 408 5.15334 2877
280 104 284 104 5.21478 2875
280 424 272 424 5.07072 3093
280 120 280 120 5.27837 2903
72 8 60 4 5.22151 4776
72 136 56 132 5.06373 4774
72 152 60 148 5.01519 5161
72 40 60 36 5.20406 4842
72 168 60 168 4.99591 5054
72 184 60 184 5.1237 4832
72 200 60 200 5.23183 4975
72 216 60 216 5.27037 5316
72 56 60 52 5.18445 4776
72 232 60 232 5.2696 5316
72 248 60 248 5.26275 5316
72 264 60 264 5.30499 5121
72 280 60 280 5.32072 5316
72 72 60 68 5.13291 4722
72 296 60 296 5.32048 5316
72 312 60 312 5.30963 5316
72 328 60 328 5.31572 5316
72 344 60 344 5.28682 4417
72 88 52 84 5.1359 4739
72 360 56 360 5.01391 4536
72 376 52 368 4.95027 4904
72 24 60 20 5.22704 4776
72 392 48 384 4.93606 4904
72 408 60 412 4.81937 3624
72 104 56 100 5.12122 4842
72 424 64 424 4.84439 3624
72 120 56 116 5.09586 4979
296 8 288 8 5.03946 2890
296 136 296 136 5.30043 2794
296 152 296 148 5.26393 2794
296 40 288 36 5.05799 2978
296 168 292 172 5.25359 2794
296 200 292 188 4.91811 2911
296 216 292 200 4.91342 3085
296 56 300 56 5.24998 2794
296 232 292 216 4.84912 2890
296 248 284 244 4.76349 2798
296 264 288 260 4.9878 2719
296 280 288 276 4.96804 2770
296 72 300 72 5.25995 2794
296 296 288 292 5.12562 2877
296 312 288 308 5.13643 3914
296 328 288 328 5.15933 3684
296 344 288 344 5.24226 3807
296 88 300 88 5.25015 2794
296 360 288 360 5.24493 3807
296 376 288 376 5.21395 2772
296 24 284 24 5.0952 2978
296 392 288 392 5.18528 3807
296 408 288 408 5.1739 2772
296 104 296 104 5.21468 2817
296 424 288 424 5.12588 2981
296 120 296 120 5.32038 2794
312 8 304 8 5.09879 2800
312 136 308 132 5.35095 2721
312 152 308 152 5.3457 2721
312 168 308 172 5.34147 2721
312 184 308 184 5.27577 2778
312 200 316 204 4.85114 2790
312 216 308 220 4.79744 2741
312 56 316 56 5.29712 2721
312 232 308 228 4.82692 2673
312 248 304 244 4.88841 2731
312 264 304 260 4.92267 2719
312 280 304 276 4.92523 2770
312 72 316 72 5.31921 2721
312 296 304 292 5.12478 2719
312 312 304 308 5.12951 2719
312 88 312 88 5.25599 2721
312 360 304 360 5.23517 2838
312 376 304 376 5.2329 2838
312 24 304 24 5.07044 2842
312 392 304 392 5.18385 3201
312 408 304 408 5.16482 2838
312 104 312 100 5.27795 2669
312 424 304 424 5.15608 2981
312 120 312 116 5.34465 2721
328 8 320 8 5.17611 2612
328 136 324 136 5.31337 2465
328 152 324 156 5.34246 2511
328 40 332 40 5.27398 2465
328 168 324 168 5.32897 2511
328 184 328 188 5.2164 2778
328 200 324 204 5.27018 2563
328 216 336 208 5.06947 2555
328 56 328 56 5.32986 2511
328 248 320 248 4.95013 2519
328 264 320 264 5.00411 2469
328 280 320 276 4.98342 2469
328 72 328 72 5.31896 2511
328 296 320 296 4.95847 2519
328 328 312 328 4.92554 3093
328 344 316 344 4.95758 3134
328 88 332 84 5.30359 2511
328 360 320 360 5.23611 2838
328 376 320 376 5.23983 2838
328 24 320 24 5.17668 2626
328 392 320 392 5.21972 2639
328 408 320 408 5.20585 2639
328 104 328 100 5.30767 2511
328 424 320 424 5.16998 2451
328 120 328 116 5.26581 2511
344 8 336 8 5.20766 2517
344 136 340 140 5.39899 2417
344 152 340 156 5.39191 2232
344 40 348 40 5.33299 2232
344 168 340 172 5.34579 2417
344 184 344 184 5.32606 2395
344 200 340 204 5.24204 2563
344 216 356 204 5.07208 2555
344 56 344 56 5.31585 2511
344 232 340 232 4.97771 2230
344 248 340 248 5.1082 2421
344 264 340 264 5.15077 2230
344 280 340 280 5.20143 2230
344 72 344 72 5.30493 2395
344 296 340 296 5.14906 1878
344 312 336 312 5.15815 1878
344 88 344 84 5.34221 2395
344 360 336 360 5.16039 2772
344 376 336 376 5.23426 2451
344 24 348 24 5.19263 2497
344 392 336 392 5.22714 2639
344 408 336 408 5.18287 2639
344 424 336 424 5.16026 2451
344 120 340 120 5.39304 2417
88 8 76 4 5.17943 5102
88 136 76 132 5.10862 4904
88 152 76 148 5.08481 5054
88 40 76 36 5.14744 4704
88 168 76 164 4.96467 5161
88 184 76 184 5.1305 4832
88 200 76 200 5.18438 5121
88 216 76 216 5.24686 5316
88 56 76 52 5.15273 5102
88 232 76 232 5.25271 5316
88 248 76 248 5.28911 5171
88 264 76 264 5.3345 4975
88 280 76 280 5.33327 4975
88 72 76 68 5.1274 4774
88 296 76 296 5.34199 4975
88 312 76 312 5.34138 4975
88 328 76 328 5.31818 5316
88 344 68 344 4.97732 3947
88 88 76 84 5.09253 5102
88 376 68 368 4.92113 5065
88 24 76 20 5.18526 5102
88 392 76 392 4.93999 5065
88 408 76 408 4.89966 5065
88 104 72 100 5.08318 4979
88 424 80 424 4.81603 4288
88 120 76 116 5.1092 4979
360 8 352 8 5.18695 2517
360 136 356 140 5.44483 2176
360 152 356 156 5.41989 2176
360 40 364 40 5.31154 2232
360 168 356 172 5.41179 2176
360 184 356 188 5.38225 2289
360 56 360 56 5.28338 2176
360 232 356 236 5.20996 2043
360 248 356 248 5.15889 2043
360 264 356 264 5.18485 2230
360 280 356 280 5.1501 2188
360 72 364 68 5.35183 2289
360 296 352 296 5.17328 2188
360 312 352 312 5.20861 1504
360 328 348 328 5.03224 1804
360 344 348 344 5.04934 1748
360 88 360 84 5.32128 2289
360 392 352 392 5.22537 2639
360 408 352 408 5.1824 2639
360 104 348 108 5.37738 2039
360 424 352 424 5.12976 2451
360 120 356 124 5.4427 2176
376 8 380 8 5.08994 1931
376 136 372 140 5.47566 1933
376 152 372 156 5.48492 1933
376 40 380 40 5.28752 2232
376 168 372 172 5.4903 1933
376 184 372 188 5.3831 2289
376 200 376 196 5.15387 1982
376 216 372 220 5.16055 2009
376 56 376 56 5.33392 1933
376 232 372 236 5.23354 2009
376 248 368 252 5.18036 1083
376 264 368 268 5.1156 1224
376 280 368 280 5.23594 1935
376 72 376 68 5.36094 2017
376 296 368 296 5.23298 1935
376 312 368 312 5.12274 1504
376 328 368 328 5.0387 1804
376 344 364 348 4.96551 2017
376 88 376 84 5.35056 1982
376 360 360 360 4.94762 1224
376 376 360 380 5.07256 1588
376 24 376 28 5.27699 2497
376 408 368 408 5.19315 2639
376 104 372 108 5.41122 1864
376 424 368 424 5.12798 1588
376 120 372 124 5.48086 1933
24 8 12 4 5.20329 4776
24 136 12 132 5.00275 4904
24 152 12 148 5.01056 4903
24 40 12 36 5.22935 4842
24 168 12 168 5.06831 5054
24 184 12 184 5.08637 5171
24 200 12 200 5.14156 4975
24 216 12 216 5.14932 5463
24 56 12 52 5.20667 4776
24 232 12 232 5.18867 4975
24 248 12 248 5.18394 5463
24 264 12 264 5.23091 4975
24 280 12 280 5.20657 4975
24 72 12 68 5.17815 4722
24 296 12 296 5.22362 4417
24 312 12 312 5.24815 5463
24 328 12 328 5.2414 4417
24 344 12 344 5.28969 4417
24 88 12 88 5.07826 4739
24 360 8 360 5.12475 4536
24 24 12 20 5.22138 4776
24 392 0 384 4.99907 4904
24 104 12 100 5.07506 4842
24 424 0 424 4.62797 4724
24 120 12 116 5.05484 4979
392 8 396 8 5.31131 1574
392 136 388 140 5.48745 1933
392 152 388 156 5.4917 1933
392 40 396 40 5.30765 2232
392 168 388 172 5.4907 1933
392 184 392 180 5.27532 2017
392 200 388 200 5.15415 913
392 216 388 220 5.28103 1016
392 56 388 56 5.32352 1933
392 232 388 236 5.24254 1016
392 248 384 252 5.20803 913
392 264 384 264 5.24681 964
392 280 384 280 5.28225 964
392 72 392 68 5.3822 2017
392 296 384 296 5.22786 1152
392 312 388 308 5.10006 964
392 328 384 328 5.16753 1821
392 344 380 348 5.15355 1821
392 88 388 88 5.36511 1982
392 360 376 364 5.21297 1821
392 376 376 380 5.27919 1746
392 24 392 28 5.33335 1574
392 392 372 392 5.25316 1746
392 408 384 408 5.15831 1152
392 104 388 108 5.42744 1864
392 424 384 424 5.19247 1152
392 120 388 124 5.48528 1933
408 8 408 12 5.37796 1330
408 136 404 140 5.47659 1933
408 152 404 156 5.47929 1933
408 40 412 40 5.24097 2039
408 168 404 172 5.48233 1933
408 200 404 204 5.37502 686
408 216 404 220 5.35385 686
408 56 404 56 5.31546 2176
408 232 404 236 5.31772 686
408 248 404 252 5.30263 686
408 264 400 264 5.20258 874
408 280 400 280 5.28315 750
408 72 404 72 5.31221 2289
408 296 400 296 5.18083 1152
408 312 404 308 5.1573 936
408 328 400 328 5.31653 1483
408 88 404 88 5.34587 2176
408 360 392 364 5.32568 1483
408 376 392 380 5.31022 1483
408 24 408 28 5.35361 1330
408 392 392 392 5.2248 1746
408 408 400 408 5.22157 750
408 104 404 108 5.42954 1864
408 424 400 424 5.23246 936
408 120 404 124 5.47462 1933
104 8 92 4 5.17798 4739
104 136 92 132 5.09873 4904
104 152 92 152 5.06211 5054
104 40 92 36 5.12635 4776
104 168 88 164 4.96028 5161
104 184 92 180 5.06698 5171
104 200 92 200 5.13253 4975
104 216 92 216 5.17575 5463
104 56 92 52 5.13846 4776
104 232 92 228 5.19258 3999
104 248 92 248 5.26775 5171
104 264 92 264 5.32451 4975
104 280 92 280 5.3275 4975
104 72 92 68 5.0732 4897
104 296 92 296 5.34308 4975
104 312 92 312 5.34005 4975
104 328 92 328 5.30747 5463
104 88 92 84 5.06451 4979
104 360 92 348 5.02148 3781
104 376 92 376 4.92468 4774
104 24 92 20 5.17549 4739
104 392 92 392 5.01755 4774
104 408 92 408 4.94956 4076
104 104 92 100 5.11641 4979
104 424 96 428 4.89776 3478
104 120 92 116 5.11076 4979
424 8 428 12 5.37631 1330
424 136 420 140 5.48299 1933
424 152 420 156 5.48217 1933
424 168 420 172 5.46873 1933
424 184 420 188 5.41581 489
424 200 420 204 5.37997 489
424 216 420 220 5.38137 489
424 56 420 56 5.26099 2176
424 232 420 236 5.40494 489
424 248 420 248 5.38422 489
424 264 420 264 5.28872 596
424 280 416 280 5.20805 750
424 72 420 76 5.30253 2289
424 296 420 296 5.13161 936
424 312 416 308 5.19025 756
424 328 416 328 5.3554 1387
424 344 416 344 5.49227 1322
424 88 420 88 5.32694 1982
424 360 416 360 5.49448 1387
424 376 416 376 5.49293 1387
424 24 428 28 5.34467 1330
424 392 416 392 5.4296 1322
424 408 416 412 5.32336 520
424 104 420 108 5.42269 1864
424 424 416 424 5.2446 756
424 120 420 124 5.46792 1933
440 8 444 12 5.3914 1330
440 136 436 140 5.45444 489
440 152 436 156 5.46512 1569
440 40 444 44 5.24609 2002
440 168 436 172 5.46043 1569
440 184 436 188 5.41082 489
440 200 436 204 5.37002 489
440 216 436 220 5.37416 489
440 56 440 60 5.31757 1933
440 232 436 232 5.39054 489
440 248 436 248 5.37732 489
440 264 436 264 5.31379 596
440 280 436 280 5.22888 750
440 72 440 76 5.38526 1933
440 296 432 296 5.02122 520
440 312 432 308 5.12017 756
440 328 432 328 5.45629 1334
440 344 432 344 5.50439 1243
440 88 440 92 5.36912 2395
440 360 432 360 5.5078 1243
440 376 432 376 5.49366 1387
440 24 444 28 5.38458 1330
440 392 432 392 5.4587 1322
440 408 432 412 5.32981 520
440 104 440 108 5.35883 1481
440 424 432 428 5.28688 687
440 120 436 124 5.42965 1569
456 8 460 12 5.38685 1330
456 136 452 140 5.44718 686
456 152 452 156 5.45004 686
456 40 456 44 5.30344 2563
456 168 452 172 5.39086 2417
456 184 452 184 5.32693 686
456 200 452 204 5.36228 489
456 216 452 216 5.40771 489
456 56 456 60 5.36273 1933
456 232 452 232 5.39044 798
456 248 452 248 5.3325 489
456 264 456 264 5.28659 874
456 280 456 280 5.26915 750
456 72 456 76 5.38611 1933
456 296 456 296 5.12568 756
456 328 448 328 5.44837 1374
456 344 448 344 5.50527 1243
456 88 456 92 5.36127 2395
456 360 448 360 5.5063 1243
456 376 448 376 5.44333 1334
456 24 460 28 5.40098 1330
456 392 452 392 5.35373 1243
456 408 448 412 5.3189 464
456 104 456 112 5.361 2232
456 424 448 428 5.18974 687
472 8 476 12 5.29419 1220
472 136 468 140 5.42768 489
472 152 468 156 5.43027 489
472 40 476 44 5.32088 2563
472 168 468 172 5.31328 2176
472 184 468 184 5.29058 489
472 200 468 200 5.38937 489
472 216 468 216 5.41078 489
472 56 472 60 5.34927 2176
472 232 468 228 5.35176 798
472 248 468 244 5.32983 489
472 264 472 264 5.21357 596
472 280 472 276 5.16769 520
472 72 472 76 5.36466 2176
472 296 472 300 5.19538 336
472 312 464 312 5.19387 640
472 328 464 328 5.50561 1294
472 344 464 344 5.5232 1232
472 88 472 92 5.36014 1933
472 360 464 360 5.52141 1232
472 376 464 376 5.46923 1294
472 24 476 28 5.33734 1220
472 392 464 392 5.46519 1232
472 408 464 408 5.46004 336
472 424 464 424 5.34038 640
472 120 472 124 5.3445 2176
120 8 112 4 5.20416 4739
120 136 108 132 5.08262 4904
120 152 108 148 5.03433 5054
120 40 112 36 5.10051 4842
120 168 108 164 5.00659 5054
120 184 108 184 5.07639 5171
120 216 108 216 5.17374 5463
120 56 108 52 5.02569 4776
120 232 108 232 5.22804 3999
120 248 108 248 5.26334 5171
120 264 108 264 5.29726 4975
120 280 108 280 5.32184 4975
120 72 108 68 5.03558 4979
120 296 108 296 5.32171 4975
120 312 108 312 5.31894 4975
120 328 108 328 5.1044 3567
120 344 100 336 5.03224 3999
120 88 108 88 5.06167 4904
120 376 108 376 5.06985 3498
120 24 112 20 5.22801 4739
120 392 108 392 5.07383 3498
120 408 108 412 4.95896 3396
120 104 108 100 5.14179 4979
120 424 112 428 4.90409 3478
120 120 108 116 5.12607 4979
488 8 492 12 5.20297 1129
488 136 484 140 5.35 446
488 152 484 156 5.37901 446
488 168 488 168 5.31617 596
488 184 484 184 5.33342 489
488 56 492 64 5.34386 1933
488 72 492 80 5.35108 1933
488 296 496 300 5.35711 352
488 328 480 328 5.50743 1368
488 344 480 344 5.52199 1305
488 360 480 360 5.52981 352
488 376 480 376 5.54436 1305
488 24 496 32 5.31919 2002
488 392 480 392 5.54602 1305
488 408 480 408 5.51474 352
488 104 488 108 5.36167 1933
488 424 480 424 5.44281 604
488 120 484 124 5.35292 1933
504 8 512 16 5.26238 1592
504 136 500 140 5.36212 340
504 152 500 156 5.4346 340
504 40 508 48 5.35314 2232
504 168 500 168 5.3835 368
504 184 496 184 5.4036 448
504 200 492 200 5.41156 340
504 216 492 216 5.45741 368
504 56 508 64 5.364 2232
504 232 492 232 5.48773 220
504 248 492 248 5.49017 220
504 264 496 268 5.47462 220
504 280 496 284 5.48265 220
504 72 508 80 5.34354 2417
504 328 496 328 5.51304 1368
504 344 496 344 5.52313 1305
504 88 504 96 5.32265 1569
504 360 496 360 5.52015 220
504 376 496 376 5.53961 1305
504 392 496 392 5.5465 1305
504 408 496 408 5.52008 220
504 104 504 112 5.35735 1569
504 424 496 424 5.41057 448
