8 8 52 68 3.70489 286
8 136 68 184 3.9037 20
8 152 76 196 3.91532 173
8 168 80 212 3.94099 173
8 56 64 108 3.80694 0
8 232 128 272 3.88436 559
8 248 128 288 3.91805 559
8 280 136 320 3.93474 575
8 296 144 336 4.07989 108
8 312 144 352 4.10836 108
8 328 156 368 4.01228 258
8 344 164 388 4.11288 352
8 360 168 404 4.11118 108
8 376 168 420 4.11317 108
8 24 52 80 3.74862 575
8 392 164 436 4.06883 108
8 408 164 452 4.17449 108
8 104 68 152 3.86793 1
8 424 164 468 4.08612 124
8 472 108 396 3.85779 2139
8 120 72 168 3.85796 375
520 8 472 260 3.81453 2196
520 232 512 412 3.7738 85
520 264 520 436 3.76365 412
520 280 516 448 3.7429 197
520 296 520 468 3.70873 412
536 8 488 252 3.85787 2196
536 184 520 376 3.60334 437
536 56 492 284 3.85946 1756
536 232 524 416 3.68423 85
536 248 532 412 3.6547 85
536 280 528 452 3.78086 197
536 296 528 464 3.73402 197
536 24 484 260 3.85252 5463
136 136 192 220 4.12862 700
136 152 208 244 4.09747 700
136 184 216 268 4.09938 553
136 216 216 300 4.05586 701
136 248 260 336 3.73052 440
136 264 252 344 3.80146 374
136 280 252 356 3.98689 326
136 312 288 392 3.96613 446
136 328 300 404 4.12035 321
136 88 196 184 4.09988 841
136 376 300 452 4.26163 326
136 24 176 132 3.81191 560
136 392 304 468 4.19387 326
136 104 196 200 4.14401 841
552 184 536 364 3.58907 331
552 232 532 416 3.67808 437
552 264 540 444 3.72297 963
568 200 540 388 3.57691 366
568 280 560 460 3.64284 331
568 296 548 476 3.63545 437
568 312 568 476 3.6376 685
568 24 504 268 3.84087 4496
584 8 516 260 3.83882 4496
584 56 520 296 3.80908 1376
584 264 556 448 3.59057 1830
584 88 532 320 3.8089 1356
584 24 516 272 3.86158 4496
584 120 532 340 3.68769 1356
600 56 552 300 3.83555 5463
600 72 552 316 3.83613 5463
600 24 528 280 3.76075 2146
600 120 544 344 3.69493 1980
152 8 188 120 3.74916 135
152 136 216 232 4.07385 154
152 40 196 152 3.93931 566
152 168 228 260 4.04663 700
152 184 232 272 4.05458 154
152 200 232 288 4.1097 154
152 216 232 304 4.0927 701
152 56 196 160 4.03273 375
152 248 272 336 3.8011 440
152 312 304 392 4.02438 446
152 328 308 408 4.01498 664
152 344 312 424 4.11075 446
152 360 312 436 4.05843 446
152 376 308 456 4.08031 664
152 24 192 136 3.88069 394
152 104 212 204 4.09827 154
616 56 540 300 3.82961 4918
632 136 564 364 3.61791 2885
632 56 572 316 3.88962 5463
632 72 560 320 3.84366 4918
632 456 604 420 3.51059 4003
40 136 108 192 3.92385 203
40 152 104 208 3.99632 154
40 40 88 108 3.88097 54
40 168 108 224 3.96165 154
40 184 112 236 4.11145 154
40 200 112 256 4.08371 154
40 56 92 124 3.85402 446
40 232 116 300 3.86805 526
40 280 168 328 3.92727 326
40 72 92 132 3.91327 203
40 296 172 344 3.96904 321
40 328 200 380 4.04208 321
40 344 200 396 4.12801 326
40 88 96 148 3.85084 154
40 360 200 412 4.14959 326
40 376 204 424 4.09119 336
40 392 200 444 4.06331 336
40 408 200 460 4.06967 336
40 104 104 160 3.89338 252
40 424 200 476 3.91857 446
40 120 100 180 3.96315 203
168 136 236 240 4.06192 700
168 152 240 252 4.0845 700
168 40 208 156 4.02397 305
168 168 244 268 4.0619 700
168 184 244 280 4.01496 560
168 200 244 296 4.05087 560
168 216 248 312 3.977 701
168 56 212 172 4.01876 305
168 264 272 352 3.74161 812
168 88 224 196 4.02645 841
168 360 324 440 3.85046 860
168 24 208 136 3.87323 394
168 120 232 224 4.10085 700
184 8 240 112 3.73699 1195
184 136 260 232 3.98898 230
184 40 228 164 4.01797 305
184 184 260 284 4.08164 553
184 200 260 300 4.07647 553
184 216 260 312 4.02143 701
184 56 228 176 4.00027 305
184 248 296 352 3.81121 207
184 264 300 368 3.79963 207
184 296 332 388 3.89293 305
184 312 336 400 3.88355 305
184 360 336 440 3.7586 305
184 376 344 456 3.81 207
184 392 344 472 3.86493 207
200 136 272 228 3.97699 442
200 152 268 264 4.03887 375
200 168 272 276 4.04553 375
200 184 276 292 4.04948 553
200 200 272 304 4.09641 553
200 216 300 320 3.8913 29
200 56 244 180 3.88921 566
200 232 308 332 3.84425 29
200 248 304 340 3.61233 193
200 264 308 368 3.63661 214
200 88 256 204 3.95434 375
200 120 272 220 3.96679 442
216 152 284 268 4.05521 375
216 168 288 280 4.07755 375
216 216 320 324 3.92816 29
216 56 256 188 3.92506 128
216 232 320 336 3.85106 29
216 248 332 356 3.67065 128
216 88 276 204 3.9379 375
216 456 136 444 3.79653 1223
56 136 124 200 3.88639 700
56 152 124 212 3.96145 841
56 184 128 244 4.05128 154
56 200 132 256 4.04656 154
56 216 124 276 3.86227 440
56 56 108 128 3.93854 700
56 232 168 288 3.92882 389
56 248 172 304 4.0526 180
56 264 176 320 3.9988 180
56 280 184 336 3.97425 321
56 296 188 352 3.96192 108
56 328 224 376 4.06172 321
56 344 228 396 4.11096 326
56 360 224 416 4.16412 336
56 376 228 432 4.21968 326
56 24 100 100 3.82893 54
56 392 224 448 4.21302 326
56 408 224 464 4.20411 336
56 104 116 172 3.88908 841
56 440 140 404 3.93891 1626
56 120 116 184 3.9859 700
232 8 280 84 3.69016 286
232 152 300 260 3.93498 804
232 184 344 304 3.9991 2
232 88 288 204 3.84598 804
232 120 316 260 3.90795 0
248 136 336 292 3.92026 1
248 168 356 292 3.87032 2
248 200 360 316 3.96008 2
248 216 336 332 3.78175 13
248 56 344 200 3.76897 204
248 88 480 172 3.72989 1036
248 104 336 236 3.87445 1
248 120 332 256 3.88285 0
264 8 0 0 3.72745 4652
264 168 372 296 3.77512 10
264 56 356 200 3.73915 204
264 248 344 364 3.76671 21
264 264 348 380 3.7169 21
264 280 348 392 3.70131 163
264 88 364 232 3.77727 7
264 24 356 176 3.79397 7
264 104 364 244 3.83676 147
264 120 364 256 3.90506 56
280 136 372 272 3.84332 56
280 168 384 300 3.83078 143
280 184 384 316 3.76043 313
280 216 348 340 3.75605 92
280 264 360 380 3.7778 21
280 280 356 396 3.75377 163
280 72 376 224 3.85504 204
280 296 360 412 3.58468 138
280 312 364 424 3.69911 138
280 120 372 260 3.89062 56
72 8 112 92 3.74564 135
72 136 136 204 3.94058 305
72 152 140 220 4.04392 154
72 168 140 232 4.05384 841
72 184 148 248 4.08027 841
72 200 148 264 4.03837 841
72 56 120 132 3.86626 230
72 248 188 308 4.04235 180
72 264 196 324 4.10731 180
72 280 200 340 3.96668 321
72 72 124 148 4.00503 421
72 296 200 356 3.97591 326
72 344 236 404 4.08521 326
72 88 128 164 3.93208 560
72 360 240 420 4.18261 108
72 376 244 436 4.24429 108
72 24 116 108 3.70105 54
72 392 240 452 4.25492 108
72 408 240 468 4.25721 108
72 104 132 176 3.98162 305
296 136 396 280 3.82471 204
296 168 404 304 3.94187 143
296 200 356 328 3.76258 92
296 216 360 344 3.78735 92
296 232 364 356 3.73285 34
296 264 368 388 3.74219 21
296 280 372 400 3.7468 26
296 312 376 428 3.78039 163
296 328 380 444 3.73552 157
296 344 380 456 3.71929 236
296 88 388 240 3.84811 204
296 360 376 472 3.58488 215
296 104 388 256 3.77173 204
312 136 428 256 3.79684 187
312 216 380 344 3.75078 21
312 232 380 364 3.69724 34
312 248 380 376 3.78849 21
312 280 384 404 3.72069 26
312 296 388 416 3.70291 163
312 312 388 432 3.6984 163
312 344 388 460 3.70936 236
312 360 384 476 3.71177 180
312 408 0 380 3.65921 4739
328 200 412 340 3.77383 352
328 248 392 376 3.62555 298
328 264 388 396 3.65173 298
328 72 412 260 3.73176 207
328 296 400 424 3.61141 163
328 312 404 436 3.69474 157
328 328 400 452 3.66185 157
328 360 404 476 3.56806 180
344 248 408 380 3.66016 85
344 264 404 396 3.57898 85
344 280 408 412 3.61799 533
88 136 152 212 4.08086 553
88 152 156 224 4.08515 154
88 168 160 240 4.05939 154
88 184 164 256 4.04218 553
88 56 136 140 3.99573 566
88 248 212 316 3.97734 764
88 264 212 332 4.00438 764
88 280 212 344 3.95345 326
88 72 136 152 3.88903 230
88 296 212 360 4.04741 326
88 328 240 392 4.11253 321
88 88 144 168 4.02505 553
88 360 256 424 4.17834 108
88 376 256 440 4.23654 326
88 24 132 112 3.79435 394
88 392 256 456 4.28999 108
88 408 260 472 4.27125 108
88 104 148 184 4.0578 553
88 120 148 196 4.00894 553
360 248 420 384 3.61347 136
360 264 424 400 3.59262 533
360 280 424 416 3.73429 157
360 72 424 232 3.82284 566
360 312 420 440 3.6925 157
360 328 416 456 3.68053 157
360 344 416 472 3.56499 236
376 40 436 196 3.78923 566
376 248 432 384 3.63326 51
376 72 444 232 3.80518 566
376 296 436 428 3.72818 163
376 312 436 444 3.74297 157
24 8 68 76 3.63042 80
24 136 88 188 3.93985 203
24 152 92 204 3.92217 173
24 184 92 232 3.88432 20
24 200 100 252 3.82728 138
24 56 76 116 3.89783 203
24 264 152 308 3.86977 321
24 280 152 324 3.97203 326
24 72 76 128 3.89313 203
24 312 160 356 4.10229 108
24 328 160 380 4.03877 326
24 344 184 388 4.1139 326
24 360 184 408 4.16558 326
24 376 184 424 4.04895 336
24 392 180 440 4.14058 108
24 408 180 456 4.14434 108
24 104 84 156 3.91777 252
24 424 180 472 3.93184 124
24 120 84 172 3.95461 203
392 152 420 316 3.93816 339
392 168 412 332 3.90556 339
392 280 436 412 3.58988 86
392 72 460 236 3.79374 566
392 104 404 284 3.83622 354
392 120 412 296 3.88395 339
408 184 428 348 3.81344 377
408 200 428 368 3.7635 327
408 264 460 416 3.58013 195
408 280 452 412 3.57655 86
408 328 460 468 3.61372 296
408 120 424 296 4.00112 508
104 136 172 216 4.08991 230
104 40 152 132 3.97263 566
104 168 176 244 4.10318 154
104 184 184 260 4.11188 154
104 200 188 276 4.05749 154
104 56 156 148 3.99657 375
104 280 228 348 3.8976 326
104 296 232 364 3.97701 326
104 328 256 396 4.15703 258
104 344 272 404 4.16725 326
104 88 164 172 4.06728 154
104 360 276 428 4.26597 108
104 376 272 444 4.24864 326
104 24 148 120 3.84656 54
104 392 272 460 4.27753 108
104 408 276 476 4.245 108
104 104 164 188 4.07947 154
104 120 164 204 4.0967 305
424 136 436 312 3.95298 508
424 152 444 324 4.02494 339
424 168 444 340 4.00637 339
424 184 444 352 3.9572 217
424 216 440 376 3.727 499
424 24 412 228 3.82767 1356
424 120 436 300 3.96304 508
440 8 420 220 3.80695 1356
440 152 456 328 4.0152 339
440 168 456 340 3.99138 339
440 184 456 356 3.98818 217
440 200 460 368 3.98115 265
440 72 440 268 3.80599 1356
440 88 440 280 3.86906 1356
456 136 464 324 3.92232 508
456 168 472 344 3.92631 508
456 184 472 356 3.82868 327
456 200 472 372 3.85308 327
456 216 472 384 3.8907 522
456 56 468 224 3.78916 339
456 264 468 424 3.64972 86
456 280 468 436 3.63223 86
456 296 468 448 3.6289 685
456 312 464 464 3.59922 685
456 24 432 240 3.79338 85
456 104 456 296 3.89026 1356
456 120 460 308 3.97607 508
472 152 480 340 3.79938 1039
472 168 492 352 3.73649 794
472 200 484 372 3.64615 2146
472 216 484 388 3.81491 2146
472 56 488 220 3.80361 339
472 232 480 400 3.68476 412
472 264 492 420 3.67239 86
472 280 484 440 3.7321 175
472 296 480 452 3.7348 175
472 312 480 464 3.71487 377
472 104 484 288 3.86605 1039
472 120 472 312 3.86504 1356
120 152 188 236 4.13596 154
120 40 168 140 3.9498 627
120 168 192 248 4.08654 154
120 184 200 264 4.11902 154
120 200 200 280 4.13637 154
120 216 204 292 3.89642 883
120 56 172 152 3.99048 375
120 248 236 324 3.93154 764
120 72 188 172 4.03211 860
120 344 288 416 4.26317 326
120 88 180 180 4.10647 841
120 360 288 432 4.20812 108
120 24 164 120 3.90901 54
120 392 288 464 4.27031 108
120 104 180 196 4.08387 841
120 120 180 208 4.15623 700
488 136 488 332 3.87197 365
488 56 508 236 3.78156 339
488 232 496 404 3.6935 412
488 280 496 444 3.71314 175
488 72 504 252 3.80335 339
488 120 488 316 3.80739 365
504 184 504 372 3.67797 357
504 216 508 392 3.65049 85
504 56 524 240 3.81629 339
504 248 508 420 3.70861 412
504 296 504 460 3.71752 412
504 312 508 476 3.61749 963
