44 10 87 84
47 13 90 87
53 13 99 89
44 16 89 90
47 16 91 90
140 16 182 128
143 16 185 128
146 16 188 129
149 16 190 129
38 19 80 89
41 19 83 89
44 19 89 93
47 19 91 93
50 19 95 94
119 19 162 121
140 19 182 131
143 19 185 131
146 19 188 132
149 19 191 132
152 19 193 132
38 22 80 92
41 22 84 93
44 22 89 96
47 22 91 96
50 22 94 96
95 22 138 115
140 22 182 134
143 22 185 134
146 22 188 134
149 22 191 134
152 22 194 136
23 25 68 89
26 25 71 89
38 25 81 96
41 25 84 97
44 25 87 98
47 25 90 98
50 25 93 98
140 25 182 136
143 25 185 136
146 25 188 136
149 25 191 139
152 25 193 140
155 25 196 140
161 25 201 143
164 25 206 144
167 25 208 145
170 25 211 146
20 28 65 92
23 28 68 92
47 28 93 102
50 28 96 102
53 28 99 102
56 28 103 103
62 28 111 106
65 28 113 106
92 28 137 120
95 28 140 121
98 28 142 121
128 28 172 133
131 28 175 133
143 28 185 139
146 28 188 140
149 28 191 140
152 28 194 142
155 28 196 143
158 28 199 145
161 28 202 145
164 28 206 147
167 28 208 147
170 28 211 148
173 28 215 150
176 28 217 151
179 28 220 151
23 31 68 95
50 31 96 105
53 31 99 105
56 31 102 106
59 31 107 107
62 31 110 108
65 31 113 109
92 31 137 122
95 31 140 123
98 31 142 123
128 31 172 135
131 31 175 135
134 31 178 136
149 31 191 145
152 31 194 145
161 31 202 148
164 31 205 148
167 31 207 150
170 31 211 150
173 31 215 153
176 31 217 153
179 31 220 153
182 31 223 154
32 34 79 99
35 34 82 99
38 34 85 99
53 34 99 108
56 34 101 109
59 34 107 110
62 34 111 112
65 34 113 112
74 34 122 117
77 34 125 117
80 34 128 117
92 34 139 124
95 34 142 124
167 34 207 153
170 34 212 153
176 34 217 156
179 34 221 157
182 34 223 157
32 37 79 102
35 37 82 102
38 37 85 102
41 37 88 102
59 37 106 113
62 37 111 114
74 37 122 119
77 37 125 119
80 37 128 121
83 37 131 121
89 37 137 126
92 37 140 126
167 37 208 156
170 37 212 157
173 37 215 157
176 37 218 159
179 37 221 159
182 37 224 160
185 37 227 160
188 37 230 162
428 37 419 239
431 37 421 241
434 37 424 241
32 40 79 105
38 40 84 105
41 40 88 105
44 40 94 109
65 40 112 118
74 40 122 121
77 40 125 122
80 40 128 124
83 40 131 125
167 40 208 159
170 40 213 159
173 40 216 160
176 40 219 160
179 40 221 162
182 40 224 163
185 40 228 164
188 40 231 164
191 40 233 165
428 40 419 242
431 40 422 242
434 40 424 244
437 40 427 244
440 40 428 243
35 43 86 108
41 43 91 111
44 43 94 111
47 43 97 113
65 43 112 121
74 43 121 122
77 43 125 124
80 43 127 127
155 43 200 156
170 43 213 162
173 43 215 162
176 43 219 163
179 43 221 163
182 43 225 167
185 43 228 167
188 43 231 167
431 43 422 245
434 43 424 246
437 43 427 246
440 43 428 245
32 46 83 111
35 46 86 111
41 46 91 113
47 46 98 116
50 46 101 117
53 46 106 119
65 46 113 124
68 46 117 124
80 46 127 130
164 46 206 163
167 46 210 163
173 46 215 165
176 46 218 165
179 46 219 165
182 46 227 169
185 46 230 169
434 46 424 248
437 46 427 248
440 46 428 247
23 49 77 110
35 49 86 114
38 49 89 114
47 49 98 119
50 49 100 119
68 49 117 127
80 49 128 132
98 49 148 139
167 49 211 165
173 49 217 167
176 49 219 167
182 49 227 171
185 49 230 171
188 49 233 171
437 49 427 251
20 52 72 110
23 52 77 113
26 52 79 113
35 52 87 117
44 52 95 121
47 52 98 121
50 52 101 121
53 52 106 123
68 52 117 130
80 52 128 134
95 52 145 141
98 52 148 141
101 52 151 142
107 52 157 146
110 52 160 146
167 52 213 167
170 52 214 168
173 52 217 169
176 52 219 169
179 52 223 170
182 52 227 173
185 52 230 174
188 52 233 174
20 55 72 113
23 55 74 114
47 55 101 126
50 55 104 126
53 55 107 127
56 55 109 127
59 55 113 127
101 55 151 145
104 55 154 146
107 55 157 148
110 55 161 149
113 55 164 149
164 55 209 169
167 55 214 169
173 55 217 172
176 55 220 173
179 55 223 173
263 55 360 205
266 55 362 205
14 58 68 114
17 58 70 115
20 58 71 117
23 58 74 117
32 58 89 118
35 58 91 118
38 58 94 118
44 58 98 128
47 58 101 128
50 58 104 129
53 58 106 129
56 58 109 130
59 58 112 131
62 58 112 133
65 58 115 133
68 58 118 133
95 58 143 144
98 58 150 148
101 58 151 148
104 58 154 149
107 58 157 152
110 58 161 152
164 58 209 172
167 58 214 172
173 58 217 175
176 58 220 176
179 58 223 176
263 58 360 208
266 58 363 208
269 58 368 212
272 58 370 211
14 61 68 117
17 61 70 118
20 61 72 119
23 61 76 119
50 61 104 132
53 61 106 132
56 61 109 133
59 61 111 134
62 61 113 135
65 61 116 136
68 61 118 136
92 61 140 147
95 61 143 147
101 61 151 151
104 61 153 151
107 61 157 152
170 61 214 178
173 61 217 178
176 61 220 178
179 61 223 179
206 61 247 189
209 61 251 190
242 61 337 204
272 61 370 214
275 61 371 214
278 61 374 214
17 64 71 120
20 64 74 121
23 64 77 121
26 64 79 122
56 64 109 136
59 64 110 139
62 64 113 138
65 64 115 138
68 64 119 141
71 64 122 141
80 64 128 146
83 64 131 147
89 64 138 149
92 64 141 149
95 64 143 150
206 64 250 192
209 64 251 192
212 64 254 193
215 64 257 193
239 64 335 205
242 64 337 206
272 64 368 216
275 64 371 216
278 64 373 216
20 67 74 124
23 67 77 124
26 67 79 124
62 67 113 141
68 67 120 143
83 67 131 149
92 67 141 152
107 67 157 157
170 67 221 182
173 67 224 182
176 67 227 182
212 67 256 196
215 67 258 196
218 67 261 196
275 67 371 219
278 67 375 219
20 70 74 127
23 70 77 127
26 70 79 127
50 70 104 138
53 70 105 140
62 70 113 144
65 70 116 145
68 70 118 145
71 70 122 146
173 70 224 185
176 70 226 185
212 70 256 198
215 70 258 199
278 70 374 221
281 70 378 222
284 70 380 223
23 73 77 130
26 73 80 130
47 73 101 141
50 73 104 141
53 73 108 142
56 73 108 142
59 73 110 143
62 73 113 147
65 73 115 148
68 73 118 148
71 73 122 148
107 73 163 163
113 73 168 164
176 73 229 189
179 73 231 190
182 73 234 190
212 73 256 200
215 73 259 200
278 73 374 223
281 73 377 225
284 73 380 225
287 73 382 225
314 73 398 239
23 76 74 131
32 76 85 136
35 76 88 137
38 76 91 137
47 76 101 144
53 76 105 145
56 76 108 145
65 76 115 150
68 76 118 151
77 76 130 153
80 76 130 154
83 76 134 154
95 76 150 161
98 76 153 161
107 76 163 166
110 76 166 167
113 76 169 167
116 76 173 170
173 76 227 191
176 76 230 191
179 76 232 192
212 76 256 202
215 76 260 203
278 76 374 225
281 76 377 228
284 76 380 227
293 76 385 228
314 76 398 242
317 76 400 241
29 79 81 138
32 79 82 139
35 79 88 140
38 79 92 141
41 79 95 141
53 79 105 148
56 79 108 148
68 79 118 154
77 79 129 157
80 79 131 157
89 79 143 160
92 79 146 160
95 79 152 165
98 79 153 164
110 79 166 169
113 79 169 169
119 79 177 173
125 79 184 176
128 79 187 176
131 79 189 177
134 79 191 178
146 79 204 184
149 79 207 184
176 79 230 194
179 79 233 194
212 79 259 205
215 79 261 206
236 79 288 77
278 79 374 228
281 79 377 230
284 79 380 230
293 79 385 231
314 79 398 245
317 79 399 245
320 79 402 245
326 79 406 245
335 79 403 241
443 79 440 275
446 79 443 275
29 82 79 141
32 82 86 142
35 82 89 142
38 82 92 143
56 82 107 151
59 82 110 151
80 82 136 159
83 82 141 164
86 82 144 164
89 82 147 164
98 82 154 167
101 82 157 168
110 82 167 172
113 82 170 172
116 82 173 172
119 82 178 177
122 82 180 176
125 82 184 178
128 82 187 179
131 82 189 180
134 82 192 181
137 82 195 181
140 82 198 182
143 82 201 182
149 82 207 187
152 82 210 187
158 82 216 189
161 82 219 190
209 82 255 206
218 82 263 209
221 82 266 211
224 82 269 212
230 82 282 80
233 82 285 80
239 82 293 81
275 82 371 230
278 82 374 232
281 82 377 232
284 82 380 233
293 82 385 234
296 82 386 234
440 82 438 277
443 82 440 278
446 82 443 278
449 82 447 278
458 82 411 227
80 85 137 162
89 85 147 166
92 85 152 168
95 85 153 168
98 85 154 169
101 85 158 170
110 85 167 174
113 85 170 174
116 85 173 175
122 85 180 179
125 85 183 180
128 85 187 181
131 85 190 182
134 85 192 183
140 85 198 184
149 85 207 190
152 85 210 190
155 85 213 192
158 85 216 192
161 85 219 192
164 85 222 193
209 85 257 210
221 85 266 214
224 85 269 215
227 85 272 215
233 85 285 82
236 85 288 82
239 85 295 85
320 85 402 247
323 85 404 247
446 85 443 281
449 85 447 281
455 85 409 229
68 88 128 160
80 88 137 165
89 88 147 169
92 88 152 171
98 88 156 172
101 88 158 173
104 88 163 175
107 88 165 175
110 88 169 179
113 88 172 179
116 88 175 180
119 88 177 180
122 88 181 181
125 88 183 182
128 88 188 184
131 88 190 185
134 88 194 184
137 88 196 188
140 88 199 188
143 88 202 189
146 88 206 190
149 88 208 191
152 88 210 191
155 88 213 194
158 88 216 195
161 88 219 195
164 88 222 195
185 88 237 204
188 88 240 204
191 88 243 204
209 88 257 212
212 88 260 213
224 88 269 217
227 88 272 218
239 88 295 88
242 88 297 88
269 88 366 234
272 88 369 234
275 88 371 234
281 88 376 236
284 88 376 238
287 88 378 239
290 88 380 239
296 88 384 239
299 88 389 240
323 88 404 250
332 88 407 254
434 88 433 280
437 88 437 280
50 91 108 157
68 91 127 163
71 91 130 163
74 91 132 166
77 91 135 167
80 91 138 168
86 91 146 172
89 91 147 172
92 91 153 174
95 91 155 174
98 91 157 175
101 91 160 177
104 91 164 178
107 91 165 178
110 91 168 179
113 91 174 182
119 91 178 183
122 91 182 183
125 91 184 184
128 91 188 186
131 91 191 187
134 91 194 187
137 91 196 190
140 91 199 191
143 91 202 192
146 91 205 193
149 91 208 194
152 91 211 194
155 91 212 196
158 91 216 197
161 91 219 198
164 91 222 199
185 91 237 207
188 91 240 207
191 91 243 207
209 91 257 215
233 91 324 231
236 91 327 231
239 91 294 90
242 91 297 90
257 91 343 214
260 91 345 214
263 91 346 213
266 91 363 237
284 91 377 239
287 91 379 241
290 91 380 242
293 91 383 243
296 91 384 242
299 91 389 243
311 91 397 249
329 91 403 256
332 91 406 256
335 91 409 256
338 91 412 256
452 91 450 287
50 94 108 160
53 94 112 161
56 94 114 161
65 94 125 166
68 94 128 166
71 94 130 166
74 94 133 167
77 94 136 170
83 94 141 172
86 94 144 172
89 94 150 177
98 94 158 178
101 94 161 180
104 94 164 180
107 94 166 181
110 94 169 183
113 94 173 184
119 94 178 186
122 94 182 186
128 94 188 188
131 94 191 190
134 94 194 190
137 94 197 192
140 94 199 193
143 94 202 194
146 94 205 196
149 94 208 196
158 94 216 200
185 94 237 209
188 94 240 210
236 94 326 233
257 94 342 215
260 94 344 215
263 94 346 215
284 94 377 242
287 94 379 244
296 94 386 245
299 94 389 245
311 94 397 251
314 94 399 253
329 94 404 258
332 94 407 258
335 94 409 259
338 94 411 259
17 97 77 150
20 97 80 150
26 97 84 151
56 97 113 165
59 97 116 165
68 97 128 170
71 97 130 170
74 97 133 170
77 97 136 172
80 97 141 174
83 97 143 176
86 97 146 176
89 97 150 177
92 97 154 177
95 97 156 179
101 97 161 181
107 97 166 183
110 97 169 184
113 97 173 187
116 97 176 187
122 97 182 190
125 97 184 191
128 97 188 191
131 97 191 192
134 97 194 193
137 97 197 195
140 97 199 195
146 97 205 199
149 97 208 199
152 97 211 199
155 97 214 201
191 97 244 213
194 97 247 213
263 97 346 218
284 97 377 245
287 97 380 245
296 97 386 248
299 97 389 248
302 97 392 248
311 97 397 253
320 97 395 261
323 97 398 261
326 97 400 260
329 97 404 261
332 97 407 260
335 97 410 261
440 97 443 289
20 100 80 153
23 100 83 154
56 100 114 167
68 100 130 172
71 100 131 173
74 100 134 173
77 100 136 173
80 100 141 177
86 100 148 180
89 100 151 180
92 100 154 180
95 100 157 181
98 100 160 183
101 100 162 183
107 100 167 186
122 100 182 193
125 100 185 193
128 100 188 194
131 100 191 195
134 100 193 197
137 100 196 198
140 100 199 198
143 100 201 198
146 100 206 200
149 100 208 200
152 100 212 204
155 100 215 204
164 100 223 208
185 100 239 214
188 100 242 214
191 100 244 216
206 100 260 221
209 100 263 221
239 100 327 240
242 100 330 240
257 100 357 238
260 100 360 238
263 100 345 220
284 100 378 248
287 100 380 248
296 100 386 251
299 100 389 251
302 100 392 251
311 100 396 254
323 100 397 263
326 100 400 263
329 100 404 263
332 100 407 263
335 100 410 263
440 100 443 292
461 100 457 297
464 100 459 297
20 103 80 156
23 103 83 156
44 103 104 165
56 103 115 169
59 103 117 170
68 103 130 175
71 103 131 175
74 103 134 175
89 103 152 182
92 103 155 182
95 103 157 185
98 103 160 186
101 103 163 186
104 103 166 186
107 103 167 188
110 103 172 190
113 103 173 191
122 103 182 195
125 103 185 196
128 103 188 196
131 103 191 199
134 103 194 199
137 103 197 199
146 103 205 203
149 103 209 203
152 103 212 205
155 103 215 207
158 103 218 207
194 103 250 221
197 103 253 221
200 103 255 222
203 103 257 223
206 103 260 223
209 103 263 223
242 103 330 244
251 103 352 241
254 103 355 241
257 103 358 241
260 103 360 241
329 103 404 265
332 103 407 264
461 103 457 300
464 103 460 299
23 106 84 160
26 106 87 160
29 106 89 161
56 106 116 172
74 106 134 178
89 106 151 185
92 106 153 186
95 106 156 187
98 106 160 188
101 106 163 189
104 106 166 189
107 106 168 190
110 106 172 193
113 106 173 194
125 106 185 198
128 106 188 199
131 106 191 200
134 106 194 200
149 106 209 206
155 106 216 209
173 106 236 216
176 106 239 216
200 106 255 226
203 106 258 226
206 106 260 226
209 106 263 227
212 106 266 227
236 106 323 246
254 106 355 244
257 106 358 244
260 106 361 244
263 106 365 246
461 106 458 302
464 106 460 303
14 109 78 160
17 109 80 160
20 109 82 161
23 109 85 163
26 109 86 164
29 109 90 164
44 109 104 171
53 109 113 175
56 109 116 175
59 109 119 176
68 109 128 180
71 109 131 180
86 109 146 185
89 109 150 188
92 109 153 188
95 109 155 189
98 109 158 191
101 109 162 191
104 109 165 192
107 109 169 192
110 109 172 196
113 109 174 197
122 109 181 200
125 109 183 199
128 109 188 202
131 109 191 202
134 109 194 204
137 109 197 204
140 109 202 205
149 109 209 209
152 109 214 210
155 109 217 211
158 109 220 212
164 109 228 216
167 109 231 216
173 109 236 218
176 109 239 218
188 109 247 222
203 109 257 228
206 109 260 228
212 109 269 230
215 109 271 231
236 109 322 248
251 109 354 246
254 109 357 248
257 109 358 246
260 109 362 248
263 109 365 248
278 109 373 262
281 109 375 262
284 109 379 262
470 109 472 304
473 109 474 304
14 112 77 163
17 112 79 163
20 112 82 163
23 112 85 166
26 112 87 166
29 112 90 166
47 112 107 174
50 112 110 174
56 112 117 178
59 112 119 179
68 112 130 183
83 112 144 188
86 112 147 188
89 112 150 191
92 112 153 191
101 112 162 195
104 112 165 195
107 112 169 195
110 112 170 198
122 112 182 202
125 112 183 202
128 112 188 204
131 112 191 205
134 112 197 207
137 112 199 207
140 112 203 207
149 112 212 213
152 112 214 213
155 112 217 213
158 112 220 214
161 112 226 216
164 112 228 218
167 112 231 218
170 112 234 219
185 112 245 225
188 112 248 225
209 112 266 233
212 112 269 233
215 112 271 234
218 112 274 235
221 112 277 236
260 112 362 250
263 112 364 250
266 112 367 250
278 112 373 265
281 112 375 265
284 112 377 264
287 112 382 266
422 112 435 294
464 112 466 306
467 112 469 306
470 112 471 307
473 112 474 307
14 115 77 166
17 115 79 165
20 115 82 165
23 115 84 167
32 115 94 172
35 115 96 172
38 115 99 172
41 115 101 173
44 115 104 176
47 115 107 177
50 115 109 177
59 115 119 181
83 115 145 191
86 115 147 192
89 115 150 194
92 115 151 194
101 115 162 198
104 115 165 198
110 115 169 200
113 115 172 200
116 115 176 204
119 115 179 204
122 115 182 204
125 115 185 205
128 115 188 207
131 115 191 208
134 115 197 210
137 115 199 210
140 115 203 210
146 115 210 215
149 115 213 215
152 115 215 216
155 115 218 216
158 115 220 216
161 115 226 219
164 115 229 219
167 115 231 220
170 115 234 221
173 115 236 223
176 115 239 223
182 115 242 226
185 115 245 228
188 115 247 228
212 115 268 237
215 115 271 237
218 115 274 237
221 115 277 238
257 115 358 251
260 115 358 251
263 115 364 253
266 115 367 253
269 115 369 253
281 115 376 268
284 115 377 267
287 115 382 269
422 115 435 297
425 115 438 297
464 115 466 309
467 115 469 309
470 115 471 309
473 115 474 310
476 115 476 310
14 118 76 168
17 118 79 168
20 118 81 171
23 118 83 171
38 118 98 175
41 118 99 176
44 118 103 178
47 118 107 180
50 118 109 180
53 118 112 183
56 118 115 183
59 118 119 184
71 118 131 188
80 118 142 194
83 118 144 194
86 118 147 194
89 118 151 197
92 118 153 197
95 118 155 198
104 118 165 201
107 118 166 203
110 118 169 203
113 118 174 204
119 118 179 207
122 118 182 207
125 118 186 209
128 118 190 210
131 118 193 210
134 118 194 211
137 118 199 212
140 118 200 212
143 118 208 217
146 118 211 217
149 118 213 217
152 118 216 218
155 118 219 218
158 118 222 219
161 118 226 222
164 118 228 222
167 118 231 223
170 118 233 224
173 118 236 225
176 118 238 225
185 118 245 230
188 118 248 230
215 118 271 240
218 118 274 240
221 118 277 240
257 118 358 253
260 118 362 256
263 118 364 256
266 118 366 256
278 118 375 272
281 118 376 271
284 118 379 271
293 118 382 270
296 118 385 270
299 118 387 270
422 118 435 300
425 118 437 300
428 118 440 300
431 118 443 300
467 118 469 312
470 118 471 312
473 118 474 313
476 118 477 313
479 118 480 314
38 121 99 178
41 121 100 180
44 121 104 181
47 121 106 185
50 121 109 185
53 121 112 185
56 121 115 185
68 121 129 190
71 121 131 191
74 121 134 191
77 121 138 193
80 121 140 193
83 121 144 196
86 121 148 199
92 121 152 200
95 121 155 200
98 121 158 201
101 121 162 204
104 121 165 204
107 121 169 204
110 121 173 206
113 121 174 207
119 121 181 209
122 121 184 209
128 121 190 212
137 121 199 215
140 121 204 216
143 121 206 216
146 121 211 220
149 121 213 219
152 121 217 220
155 121 219 221
158 121 222 222
161 121 225 224
164 121 228 225
167 121 231 226
170 121 233 227
173 121 236 227
176 121 239 228
185 121 245 232
188 121 249 232
218 121 274 242
221 121 277 244
254 121 355 255
257 121 358 256
260 121 360 257
263 121 364 259
266 121 366 259
281 121 379 275
287 121 382 274
296 121 385 273
299 121 387 273
425 121 437 302
428 121 440 302
431 121 443 303
446 121 451 307
473 121 475 315
476 121 477 316
479 121 480 317
482 121 482 316
11 124 72 171
44 124 104 184
50 124 109 187
53 124 113 187
65 124 127 192
68 124 129 193
71 124 131 193
74 124 134 193
77 124 137 196
80 124 141 196
83 124 144 199
86 124 147 199
89 124 151 204
92 124 154 203
95 124 155 203
98 124 158 204
113 124 174 210
116 124 178 211
119 124 181 211
122 124 184 212
125 124 188 213
134 124 200 216
137 124 203 217
143 124 207 219
146 124 211 222
149 124 213 222
152 124 216 223
155 124 219 223
158 124 222 224
161 124 226 226
164 124 228 227
167 124 231 228
170 124 234 228
173 124 236 230
176 124 238 231
179 124 241 231
182 124 244 234
185 124 247 235
188 124 250 235
257 124 358 258
260 124 362 259
263 124 364 261
266 124 366 262
269 124 367 262
422 124 434 304
425 124 437 305
428 124 440 305
431 124 442 306
434 124 444 306
476 124 477 319
479 124 480 320
482 124 482 319
485 124 485 319
8 127 71 174
11 127 74 173
65 127 128 195
68 127 130 195
71 127 132 196
74 127 136 197
77 127 138 198
80 127 141 198
95 127 155 206
98 127 159 206
104 127 165 208
107 127 169 211
110 127 171 211
119 127 181 215
122 127 186 215
125 127 189 216
128 127 192 217
131 127 195 217
134 127 200 219
137 127 203 219
140 127 205 221
143 127 207 222
146 127 210 223
149 127 214 225
152 127 216 226
155 127 219 226
158 127 222 226
161 127 226 229
164 127 229 229
167 127 231 230
176 127 240 235
179 127 241 234
182 127 244 235
185 127 247 237
188 127 250 237
260 127 362 262
422 127 434 307
425 127 437 307
428 127 440 308
431 127 442 309
434 127 444 309
437 127 447 309
476 127 477 322
479 127 479 321
482 127 482 321
485 127 485 322
488 127 487 323
11 130 74 176
62 130 127 197
65 130 129 197
68 130 131 198
71 130 132 197
74 130 139 202
77 130 141 203
80 130 143 202
92 130 155 207
95 130 156 208
98 130 159 208
107 130 169 214
110 130 172 214
122 130 187 217
128 130 192 220
131 130 195 220
134 130 200 222
137 130 203 222
140 130 205 224
146 130 212 227
149 130 214 228
152 130 216 229
155 130 219 229
158 130 224 232
161 130 226 232
164 130 229 232
167 130 232 232
182 130 244 237
185 130 247 240
188 130 251 240
218 130 278 250
221 130 281 250
224 130 284 251
422 130 434 310
425 130 437 310
428 130 440 310
431 130 442 310
434 130 444 310
467 130 469 318
470 130 471 317
479 130 479 324
482 130 482 324
485 130 485 325
488 130 487 325
491 130 490 326
497 130 496 326
8 133 72 179
44 133 109 191
74 133 139 205
77 133 140 205
80 133 145 205
83 133 148 207
86 133 152 207
92 133 156 210
95 133 157 210
98 133 164 212
110 133 177 216
113 133 180 217
116 133 183 217
122 133 189 219
125 133 191 222
128 133 193 223
131 133 196 223
134 133 200 225
137 133 203 225
143 133 208 227
146 133 211 228
149 133 215 230
152 133 216 231
161 133 229 234
164 133 232 234
182 133 245 240
209 133 272 250
212 133 274 250
221 133 281 254
224 133 281 254
227 133 284 254
425 133 437 312
428 133 440 312
431 133 443 313
467 133 469 321
470 133 471 320
482 133 482 327
485 133 484 327
488 133 487 328
491 133 490 328
494 133 493 329
65 136 130 204
68 136 133 204
71 136 132 203
77 136 145 209
80 136 146 210
83 136 150 209
86 136 152 210
95 136 162 213
98 136 167 216
101 136 168 216
104 136 171 216
107 136 173 216
110 136 177 220
113 136 180 219
116 136 183 221
119 136 186 221
122 136 189 222
128 136 194 225
131 136 197 226
134 136 200 228
137 136 203 228
140 136 207 229
143 136 209 229
146 136 212 231
149 136 214 232
152 136 221 234
155 136 224 234
158 136 226 235
161 136 229 235
170 136 238 239
173 136 241 240
185 136 248 244
188 136 251 244
209 136 271 252
212 136 275 253
215 136 277 254
218 136 279 255
221 136 282 255
422 136 435 312
425 136 437 313
428 136 440 314
431 136 443 315
434 136 446 316
467 136 469 324
470 136 471 323
485 136 484 330
488 136 487 331
491 136 490 331
494 136 492 331
497 136 494 331
11 139 75 184
20 139 88 191
29 139 95 192
71 139 137 208
74 139 139 208
77 139 142 209
80 139 147 212
83 139 150 211
86 139 153 212
92 139 159 216
95 139 162 217
98 139 167 219
101 139 170 219
104 139 172 219
116 139 183 224
119 139 186 224
125 139 191 227
128 139 194 228
131 139 198 229
134 139 200 229
137 139 206 231
140 139 206 231
143 139 209 232
146 139 213 233
149 139 214 235
152 139 222 236
158 139 226 238
167 139 235 242
170 139 238 242
173 139 241 242
176 139 243 243
209 139 272 255
212 139 274 255
215 139 278 257
218 139 280 257
221 139 282 257
425 139 437 316
428 139 440 316
431 139 444 318
434 139 446 318
437 139 452 318
488 139 490 333
491 139 492 333
494 139 494 333
500 139 495 336
503 139 498 336
506 139 499 336
8 142 72 187
11 142 75 187
20 142 86 192
23 142 91 194
26 142 93 194
29 142 96 194
32 142 98 195
74 142 139 211
77 142 142 212
80 142 145 212
83 142 150 214
86 142 153 214
89 142 156 217
92 142 159 218
95 142 162 219
98 142 166 220
101 142 169 221
104 142 172 223
107 142 173 223
113 142 180 225
116 142 183 226
119 142 188 227
122 142 189 227
131 142 197 231
134 142 201 232
137 142 206 234
140 142 208 234
143 142 209 235
146 142 213 236
149 142 219 238
152 142 222 238
155 142 225 240
158 142 228 241
161 142 231 241
164 142 233 242
170 142 239 245
173 142 241 246
176 142 244 246
179 142 246 246
197 142 262 253
200 142 265 254
215 142 278 260
218 142 280 260
221 142 283 260
254 142 360 273
257 142 364 274
260 142 366 274
263 142 369 275
266 142 375 277
269 142 376 279
275 142 380 280
416 142 435 316
428 142 440 319
431 142 444 320
434 142 446 321
437 142 452 321
446 142 463 324
467 142 474 329
485 142 486 333
488 142 490 334
491 142 493 335
500 142 494 338
503 142 497 338
506 142 499 339
29 145 96 197
32 145 99 197
38 145 104 201
41 145 107 201
71 145 136 214
74 145 140 215
77 145 142 215
80 145 145 215
83 145 150 217
86 145 153 218
89 145 156 219
92 145 159 221
95 145 162 221
98 145 166 222
101 145 169 223
104 145 173 225
107 145 176 225
110 145 178 226
116 145 184 228
119 145 188 229
122 145 191 230
125 145 195 231
128 145 197 234
131 145 200 234
137 145 206 237
140 145 208 237
143 145 212 239
146 145 215 239
149 145 219 241
152 145 222 241
155 145 225 243
158 145 228 243
161 145 231 244
164 145 234 245
167 145 236 246
173 145 242 248
176 145 244 248
179 145 246 249
194 145 260 255
257 145 364 277
263 145 371 281
275 145 380 283
416 145 434 319
419 145 438 319
422 145 438 320
437 145 450 324
464 145 471 332
467 145 473 331
485 145 486 336
500 145 494 341
503 145 497 341
506 145 499 342
509 145 502 342
5 148 73 192
8 148 76 192
11 148 78 193
14 148 83 196
23 148 94 198
26 148 95 199
29 148 96 200
32 148 99 200
35 148 102 201
38 148 105 204
41 148 106 205
74 148 141 218
77 148 142 218
80 148 145 218
83 148 149 220
86 148 153 221
89 148 156 222
95 148 162 224
98 148 166 225
101 148 169 226
104 148 173 228
107 148 175 228
110 148 178 230
113 148 181 230
116 148 184 230
119 148 188 232
122 148 191 233
125 148 195 235
128 148 198 235
131 148 201 237
134 148 203 237
137 148 207 239
140 148 211 241
143 148 213 241
146 148 215 242
149 148 219 244
152 148 222 244
155 148 225 245
158 148 228 246
161 148 231 246
164 148 235 247
194 148 259 257
206 148 272 261
257 148 368 280
269 148 377 283
419 148 438 322
422 148 440 323
467 148 474 335
503 148 497 343
506 148 500 343
512 148 505 345
8 151 76 195
23 151 92 201
26 151 95 202
29 151 97 203
32 151 99 204
35 151 101 206
38 151 104 206
41 151 106 208
44 151 109 208
56 151 124 213
59 151 125 214
68 151 140 220
86 151 155 224
92 151 160 225
95 151 162 226
98 151 167 228
101 151 169 229
104 151 173 231
107 151 176 231
110 151 179 232
113 151 181 233
116 151 185 234
119 151 188 235
122 151 191 235
125 151 195 238
128 151 198 238
131 151 202 239
134 151 204 240
140 151 211 243
143 151 213 244
146 151 215 244
155 151 225 248
158 151 228 248
161 151 231 249
170 151 243 253
191 151 257 259
194 151 260 259
218 151 284 268
260 151 371 283
263 151 374 283
269 151 378 285
329 151 402 285
332 151 405 285
335 151 404 282
338 151 407 282
341 151 408 281
416 151 436 324
419 151 438 325
422 151 440 326
425 151 443 326
428 151 445 326
467 151 473 337
470 151 476 337
473 151 479 337
503 151 497 345
506 151 500 345
8 154 76 198
23 154 93 204
26 154 95 206
29 154 96 207
32 154 100 208
35 154 101 208
38 154 104 210
41 154 106 210
44 154 109 211
47 154 112 211
56 154 124 216
59 154 127 216
62 154 128 217
74 154 144 223
77 154 148 224
83 154 152 226
86 154 155 227
89 154 158 227
92 154 161 229
95 154 164 230
98 154 167 230
104 154 174 233
107 154 176 234
110 154 179 234
113 154 183 236
116 154 186 236
119 154 189 238
122 154 192 238
125 154 195 240
128 154 199 240
131 154 202 242
134 154 204 243
137 154 208 244
140 154 211 246
143 154 214 246
146 154 216 247
152 154 223 250
155 154 226 250
158 154 228 251
161 154 231 251
164 154 234 252
170 154 244 255
173 154 247 255
191 154 257 262
194 154 260 263
260 154 373 284
263 154 375 285
266 154 378 285
332 154 403 286
335 154 404 285
338 154 406 284
410 154 430 325
413 154 433 325
419 154 438 328
422 154 441 328
428 154 446 329
431 154 448 329
503 154 497 348
506 154 500 348
32 157 98 211
35 157 100 211
38 157 103 212
41 157 109 215
44 157 111 215
56 157 124 220
59 157 127 220
62 157 130 220
65 157 133 220
68 157 137 225
71 157 140 225
74 157 144 226
77 157 147 226
80 157 150 227
83 157 153 228
86 157 155 229
89 157 158 229
92 157 160 231
95 157 165 233
98 157 170 235
101 157 172 235
104 157 175 235
107 157 177 236
110 157 180 238
113 157 184 238
116 157 186 239
119 157 189 240
122 157 192 242
125 157 195 242
128 157 198 243
131 157 202 245
134 157 204 245
137 157 208 247
140 157 211 247
146 157 217 249
149 157 218 250
152 157 224 252
155 157 226 252
158 157 229 252
167 157 242 256
170 157 244 257
173 157 247 258
176 157 250 259
194 157 266 265
251 157 362 287
263 157 375 287
299 157 403 298
332 157 403 289
335 157 406 289
338 157 406 286
413 157 434 328
416 157 436 329
419 157 438 329
422 157 441 329
425 157 444 329
428 157 446 331
431 157 449 331
434 157 451 332
506 157 500 351
14 160 84 205
23 160 90 208
35 160 100 214
38 160 103 214
41 160 107 216
44 160 111 217
59 160 127 222
62 160 130 223
65 160 134 223
71 160 140 228
74 160 143 228
77 160 147 229
80 160 150 230
83 160 153 232
86 160 155 232
89 160 159 233
92 160 162 234
101 160 173 237
104 160 175 238
107 160 177 238
110 160 180 239
113 160 184 241
116 160 186 243
119 160 189 243
122 160 192 244
125 160 196 246
128 160 199 246
131 160 205 249
134 160 208 249
137 160 208 249
152 160 228 256
164 160 239 258
167 160 242 260
170 160 245 260
176 160 250 261
185 160 258 265
188 160 261 265
191 160 263 266
194 160 266 268
197 160 269 268
203 160 274 272
206 160 278 272
209 160 280 273
251 160 363 288
254 160 366 289
296 160 401 300
299 160 403 301
302 160 406 301
305 160 409 301
332 160 403 292
335 160 405 290
341 160 409 288
413 160 433 330
416 160 436 331
419 160 438 331
422 160 441 331
425 160 444 332
428 160 446 333
431 160 449 334
434 160 451 334
437 160 454 335
446 160 461 335
11 163 81 208
14 163 84 208
23 163 90 211
44 163 115 220
47 163 114 220
62 163 131 226
65 163 134 226
71 163 140 230
77 163 146 231
83 163 154 234
86 163 156 235
89 163 159 236
92 163 163 237
95 163 165 237
98 163 168 237
101 163 173 240
104 163 176 241
107 163 178 241
110 163 182 244
113 163 185 244
116 163 188 245
119 163 189 246
122 163 192 246
134 163 208 252
137 163 210 252
152 163 228 257
164 163 239 260
167 163 242 261
173 163 247 264
176 163 250 264
185 163 258 268
188 163 261 268
191 163 264 269
194 163 267 270
197 163 269 270
200 163 272 272
203 163 275 274
206 163 277 275
209 163 280 275
212 163 283 276
215 163 285 277
218 163 288 277
254 163 366 291
257 163 368 292
290 163 396 302
293 163 398 302
296 163 401 302
299 163 404 303
302 163 407 304
305 163 410 305
335 163 405 293
338 163 407 291
341 163 410 291
416 163 436 334
419 163 438 334
422 163 441 334
425 163 444 334
428 163 446 335
431 163 449 336
434 163 451 336
437 163 454 337
440 163 456 337
446 163 461 338
449 163 464 338
11 166 81 210
14 166 84 211
17 166 87 211
44 166 115 223
47 166 117 223
53 166 123 226
62 166 131 227
65 166 134 227
77 166 149 234
80 166 152 234
86 166 158 238
89 166 161 239
92 166 164 240
95 166 167 240
98 166 170 240
104 166 176 244
116 166 188 247
119 166 198 249
122 166 200 249
125 166 203 249
134 166 215 255
143 166 220 257
146 166 223 258
149 166 226 259
155 166 231 261
158 166 234 261
164 166 239 264
167 166 242 264
179 166 253 268
185 166 258 271
188 166 261 271
191 166 265 274
194 166 267 273
197 166 270 274
200 166 273 275
203 166 275 276
206 166 278 276
209 166 281 277
212 166 284 279
215 166 286 279
218 166 289 280
221 166 290 280
233 166 343 286
236 166 346 286
257 166 369 294
290 166 396 304
293 166 398 305
296 166 401 305
299 166 404 306
302 166 407 307
305 166 410 309
335 166 405 296
338 166 407 294
341 166 410 294
407 166 428 332
410 166 431 333
413 166 433 333
419 166 438 337
422 166 441 337
425 166 443 338
428 166 445 338
431 166 449 338
434 166 451 339
437 166 454 340
440 166 456 340
443 166 459 340
446 166 462 341
449 166 464 341
470 166 480 349
473 166 481 349
494 166 496 355
11 169 81 213
14 169 86 215
17 169 87 214
44 169 115 225
47 169 118 226
50 169 122 227
62 169 131 231
68 169 136 230
74 169 145 236
77 169 148 236
86 169 161 241
89 169 162 242
92 169 164 242
95 169 167 243
98 169 170 243
104 169 180 247
107 169 181 247
119 169 198 251
122 169 200 252
125 169 203 252
128 169 207 255
134 169 212 256
137 169 217 258
140 169 220 258
143 169 221 259
146 169 229 260
149 169 226 262
152 169 229 262
155 169 232 263
158 169 235 264
167 169 242 267
176 169 251 270
179 169 254 270
197 169 271 277
200 169 274 277
203 169 276 278
206 169 278 279
209 169 281 280
212 169 284 281
248 169 358 294
251 169 361 294
254 169 364 295
296 169 402 308
299 169 405 308
302 169 408 310
305 169 410 312
404 169 426 334
407 169 428 334
410 169 431 335
413 169 434 336
419 169 437 338
422 169 441 339
425 169 442 341
428 169 445 341
431 169 449 341
434 169 451 342
437 169 454 343
440 169 456 342
443 169 459 343
446 169 462 344
449 169 465 344
470 169 480 351
473 169 482 351
494 169 496 358
17 172 86 218
20 172 88 218
38 172 107 226
50 172 122 230
59 172 128 233
62 172 130 234
65 172 132 234
68 172 135 234
71 172 139 233
74 172 145 239
77 172 148 239
80 172 151 239
83 172 155 240
86 172 159 245
89 172 163 245
92 172 165 246
95 172 168 246
98 172 170 246
104 172 182 250
107 172 186 250
110 172 189 250
119 172 198 255
122 172 201 255
125 172 204 257
128 172 207 258
131 172 210 258
134 172 213 259
137 172 216 259
140 172 219 261
143 172 221 262
149 172 228 265
152 172 230 265
155 172 232 266
158 172 235 266
161 172 237 267
164 172 240 269
167 172 242 270
173 172 249 272
176 172 251 273
179 172 254 273
182 172 257 273
200 172 274 280
203 172 277 281
206 172 280 281
209 172 282 282
212 172 284 283
242 172 353 293
248 172 358 297
251 172 361 297
254 172 364 297
257 172 365 296
287 172 395 307
290 172 398 307
305 172 411 313
404 172 426 337
407 172 428 337
410 172 431 337
413 172 433 338
422 172 440 341
425 172 442 341
428 172 446 342
431 172 449 342
434 172 452 344
437 172 454 345
440 172 456 345
443 172 459 346
446 172 462 346
449 172 465 346
467 172 478 353
470 172 480 353
473 172 482 353
494 172 495 360
497 172 497 360
17 175 83 222
26 175 94 223
41 175 109 229
44 175 110 229
47 175 118 232
50 175 120 232
56 175 124 236
59 175 126 236
65 175 132 238
68 175 143 240
71 175 144 240
74 175 142 236
80 175 149 242
83 175 157 247
86 175 160 247
89 175 163 247
92 175 165 248
95 175 167 248
98 175 176 250
104 175 180 251
107 175 186 253
110 175 189 253
122 175 201 258
125 175 204 260
128 175 208 261
131 175 210 261
134 175 213 261
137 175 216 262
140 175 220 264
143 175 222 264
149 175 228 268
152 175 230 268
155 175 234 268
158 175 236 269
161 175 237 270
176 175 252 275
179 175 256 275
182 175 258 275
203 175 277 284
206 175 280 284
209 175 283 284
212 175 286 285
215 175 287 287
233 175 344 294
236 175 347 295
239 175 350 295
242 175 353 296
254 175 364 300
257 175 365 299
287 175 395 310
290 175 398 310
293 175 401 310
296 175 404 311
305 175 411 314
404 175 426 340
407 175 428 340
410 175 430 339
413 175 433 339
422 175 440 344
425 175 442 344
428 175 446 345
431 175 447 345
434 175 450 346
437 175 455 347
440 175 456 347
443 175 459 349
470 175 480 354
494 175 495 362
497 175 497 363
509 175 507 364
23 178 92 226
26 178 94 226
35 178 105 231
38 178 108 231
44 178 110 232
56 178 123 238
59 178 126 238
65 178 141 242
68 178 143 243
71 178 146 243
74 178 151 246
77 178 153 245
86 178 160 249
89 178 163 250
92 178 166 250
95 178 173 252
98 178 176 252
101 178 178 253
104 178 184 255
107 178 187 256
110 178 189 256
125 178 205 262
128 178 207 262
131 178 210 263
134 178 213 263
137 178 216 265
140 178 220 266
143 178 222 266
149 178 227 271
152 178 231 271
155 178 233 272
158 178 236 272
161 178 239 272
164 178 240 275
176 178 252 277
179 178 255 279
182 178 257 280
185 178 260 280
188 178 263 282
191 178 266 283
194 178 269 283
203 178 277 286
206 178 280 287
209 178 283 287
212 178 286 288
233 178 344 297
236 178 347 298
239 178 350 299
287 178 395 311
290 178 398 312
296 178 404 314
407 178 429 343
410 178 431 343
425 178 442 347
431 178 447 348
434 178 450 348
437 178 455 349
440 178 456 349
467 178 477 357
470 178 480 357
473 178 482 357
503 178 501 367
506 178 504 367
509 178 507 367
32 181 102 234
35 181 105 234
38 181 108 234
44 181 114 237
47 181 117 237
50 181 120 237
59 181 127 242
65 181 139 244
68 181 143 245
71 181 146 246
74 181 152 249
89 181 163 252
92 181 170 255
95 181 173 255
98 181 176 255
101 181 178 255
104 181 185 258
107 181 188 258
110 181 190 259
113 181 193 259
128 181 207 265
131 181 210 265
137 181 216 268
140 181 220 269
143 181 223 269
146 181 225 269
161 181 238 276
167 181 243 278
170 181 246 278
173 181 248 278
176 181 252 280
179 181 255 281
182 181 258 282
185 181 260 283
188 181 263 285
191 181 266 285
194 181 269 286
200 181 274 287
203 181 277 289
206 181 280 290
209 181 283 290
212 181 285 291
236 181 347 300
287 181 395 314
290 181 398 314
422 181 440 349
425 181 443 350
428 181 446 351
431 181 447 351
434 181 450 351
437 181 455 352
440 181 458 352
503 181 502 369
506 181 504 369
509 181 507 369
38 184 109 237
41 184 112 239
44 184 115 239
47 184 118 239
50 184 120 240
65 184 141 249
68 184 143 249
71 184 147 249
74 184 152 251
77 184 154 251
80 184 158 253
83 184 161 253
86 184 163 254
89 184 166 254
98 184 176 256
101 184 183 261
104 184 185 261
107 184 188 262
110 184 190 262
113 184 193 262
122 184 202 266
125 184 205 266
128 184 207 266
131 184 210 266
134 184 213 267
137 184 218 269
140 184 220 272
143 184 222 273
146 184 225 273
170 184 247 282
173 184 249 282
176 184 252 283
179 184 255 283
182 184 258 285
185 184 260 286
188 184 263 286
197 184 271 290
200 184 274 290
203 184 277 290
206 184 280 293
209 184 283 293
212 184 285 293
236 184 347 301
242 184 353 305
287 184 395 316
290 184 368 311
416 184 433 349
422 184 440 351
425 184 443 352
428 184 446 353
434 184 453 353
437 184 456 354
440 184 458 356
443 184 462 356
446 184 464 356
449 184 465 356
452 184 468 356
473 184 482 363
506 184 504 372
509 184 507 372
35 187 106 240
38 187 110 240
41 187 112 242
44 187 115 242
47 187 118 242
50 187 120 243
56 187 131 247
71 187 147 251
74 187 151 251
77 187 154 252
80 187 158 256
83 187 161 256
86 187 164 256
89 187 167 256
92 187 170 258
95 187 173 259
98 187 177 260
104 187 184 264
107 187 188 265
110 187 191 265
113 187 194 265
116 187 197 265
122 187 202 268
125 187 205 268
128 187 207 269
131 187 212 272
134 187 215 272
137 187 218 272
140 187 220 275
143 187 223 275
146 187 225 276
167 187 244 284
170 187 247 284
173 187 249 284
176 187 253 286
179 187 256 286
185 187 261 288
188 187 263 289
197 187 271 293
200 187 274 293
203 187 277 293
206 187 280 295
230 187 342 303
233 187 345 303
236 187 347 304
239 187 350 304
242 187 353 304
245 187 354 304
290 187 366 312
416 187 433 352
422 187 440 353
425 187 444 354
428 187 446 355
431 187 451 356
434 187 453 356
437 187 456 356
440 187 458 359
443 187 461 359
446 187 462 358
449 187 466 360
452 187 469 360
458 187 474 357
473 187 483 366
476 187 485 366
479 187 487 365
35 190 108 242
38 190 110 243
47 190 118 245
50 190 123 246
56 190 132 249
59 190 135 250
62 190 136 250
71 190 148 254
74 190 151 254
77 190 154 254
80 190 158 258
83 190 160 258
86 190 164 259
89 190 167 260
92 190 172 260
98 190 178 262
104 190 185 267
107 190 189 267
110 190 192 267
119 190 200 270
122 190 202 271
125 190 205 271
128 190 209 274
131 190 212 274
134 190 215 274
137 190 218 275
140 190 220 276
143 190 223 278
146 190 225 278
149 190 229 279
152 190 231 281
155 190 234 281
164 190 242 286
167 190 245 286
170 190 247 286
173 190 250 288
176 190 253 288
179 190 256 289
188 190 262 292
194 190 265 295
197 190 270 294
200 190 273 295
203 190 276 297
206 190 279 297
230 190 342 306
233 190 345 306
236 190 347 306
239 190 351 307
242 190 353 307
245 190 354 307
416 190 434 354
419 190 437 354
422 190 441 356
425 190 444 357
428 190 446 357
431 190 450 358
434 190 453 359
437 190 456 359
440 190 459 360
443 190 461 362
452 190 469 363
455 190 472 363
458 190 474 360
473 190 484 368
476 190 485 367
479 190 487 368
14 193 81 237
26 193 100 243
29 193 103 243
32 193 106 244
35 193 109 244
47 193 121 249
50 193 123 249
53 193 131 252
56 193 132 252
59 193 135 252
62 193 138 252
71 193 148 257
74 193 151 258
77 193 154 258
80 193 158 259
98 193 178 265
104 193 186 270
107 193 189 270
110 193 192 270
113 193 195 270
116 193 197 273
119 193 200 273
122 193 202 275
125 193 205 275
128 193 208 276
131 193 212 277
134 193 215 277
137 193 217 280
140 193 219 280
143 193 223 281
146 193 225 282
149 193 229 282
152 193 231 282
155 193 235 283
161 193 240 288
164 193 243 288
167 193 245 289
170 193 247 289
173 193 250 290
176 193 252 290
179 193 256 291
194 193 265 297
197 193 268 298
200 193 273 298
203 193 276 298
206 193 279 300
236 193 348 309
239 193 351 310
242 193 353 310
245 193 354 310
419 193 437 357
422 193 441 358
431 193 450 361
434 193 453 362
437 193 455 362
440 193 459 362
455 193 473 367
458 193 473 361
473 193 483 369
476 193 485 369
479 193 489 372
14 196 84 239
20 196 92 241
26 196 101 245
29 196 103 245
56 196 132 255
59 196 135 255
68 196 146 258
71 196 148 260
74 196 151 261
77 196 154 262
80 196 158 262
83 196 160 263
89 196 169 267
92 196 173 267
95 196 176 267
98 196 178 268
104 196 186 272
107 196 189 272
110 196 192 272
113 196 195 272
116 196 197 275
119 196 200 275
122 196 202 277
125 196 205 278
128 196 208 278
131 196 211 279
134 196 214 281
137 196 217 281
140 196 220 283
143 196 223 284
146 196 225 284
149 196 228 285
152 196 231 285
164 196 242 290
167 196 244 291
170 196 247 292
173 196 250 293
176 196 252 293
179 196 255 293
185 196 259 297
188 196 262 297
197 196 268 300
200 196 273 300
203 196 276 301
206 196 279 302
239 196 351 313
242 196 353 313
413 196 431 358
416 196 433 358
425 196 442 360
431 196 450 363
434 196 453 364
437 196 456 364
473 196 484 371
476 196 486 372
479 196 489 372
482 196 492 372
11 199 81 242
14 199 84 242
17 199 89 244
20 199 92 244
53 199 130 257
56 199 132 258
59 199 134 258
68 199 146 261
71 199 149 262
74 199 152 262
77 199 154 264
80 199 157 265
83 199 161 265
104 199 187 274
107 199 189 274
110 199 192 275
113 199 195 275
116 199 197 277
122 199 202 280
125 199 206 280
128 199 208 281
131 199 211 282
134 199 214 282
137 199 217 284
140 199 220 285
143 199 223 287
146 199 225 287
149 199 228 288
152 199 230 288
155 199 233 290
158 199 235 290
164 199 242 293
167 199 244 294
170 199 247 294
173 199 250 296
176 199 252 296
179 199 255 296
182 199 256 298
194 199 266 301
197 199 270 303
200 199 273 304
203 199 276 304
206 199 279 304
224 199 337 312
227 199 340 312
239 199 353 315
416 199 433 361
419 199 436 361
422 199 440 361
425 199 442 361
431 199 450 366
434 199 453 366
437 199 455 366
449 199 467 369
8 202 80 244
11 202 83 244
14 202 85 244
17 202 88 245
20 202 92 247
38 202 112 255
41 202 115 255
44 202 118 255
50 202 127 259
53 202 130 259
56 202 132 260
59 202 134 261
65 202 141 264
68 202 145 264
71 202 149 266
74 202 152 266
77 202 154 268
80 202 157 268
83 202 161 268
86 202 164 269
107 202 189 277
113 202 195 280
116 202 197 280
119 202 200 280
122 202 202 282
125 202 206 283
128 202 208 284
131 202 211 284
134 202 215 285
137 202 217 285
140 202 220 287
143 202 224 289
146 202 226 290
149 202 228 290
152 202 230 291
155 202 233 293
158 202 236 293
161 202 239 293
164 202 242 295
167 202 245 296
170 202 247 297
173 202 249 298
176 202 252 299
179 202 255 300
185 202 259 301
188 202 260 301
191 202 264 304
194 202 267 304
197 202 271 305
200 202 273 306
224 202 338 314
227 202 341 314
230 202 343 315
329 202 332 121
332 202 335 121
335 202 338 121
416 202 433 364
419 202 436 364
422 202 439 364
425 202 443 365
428 202 445 364
431 202 449 368
434 202 452 368
437 202 455 368
8 205 80 247
11 205 83 247
14 205 85 247
17 205 89 249
20 205 91 248
53 205 130 262
56 205 133 262
59 205 134 264
62 205 137 264
68 205 144 267
74 205 155 270
77 205 157 270
80 205 158 271
83 205 161 271
113 205 195 283
116 205 197 283
119 205 200 283
122 205 202 284
125 205 204 285
128 205 210 286
131 205 214 287
134 205 214 287
140 205 220 289
143 205 224 291
149 205 228 293
152 205 230 294
155 205 233 295
158 205 236 296
161 205 239 296
164 205 242 298
167 205 245 299
179 205 255 302
185 205 259 304
188 205 261 304
194 205 266 307
197 205 269 307
224 205 338 317
227 205 341 317
305 205 377 337
308 205 380 338
425 205 442 366
428 205 445 367
431 205 449 370
434 205 452 370
437 205 455 371
8 208 80 249
11 208 83 250
14 208 86 250
17 208 87 248
53 208 124 267
68 208 145 269
74 208 154 272
77 208 157 272
116 208 198 286
119 208 200 286
122 208 202 287
125 208 204 288
143 208 224 294
152 208 229 297
155 208 233 298
158 208 235 298
182 208 257 306
185 208 259 307
188 208 262 307
191 208 264 308
194 208 267 309
227 208 341 320
281 208 343 334
305 208 377 340
308 208 380 341
410 208 426 366
413 208 429 366
428 208 444 370
434 208 452 373
437 208 455 374
440 208 458 374
443 208 459 375
446 208 461 376
449 208 465 376
452 208 467 376
68 211 176 271
119 211 200 289
122 211 202 290
125 211 209 293
143 211 225 297
146 211 227 297
152 211 231 299
155 211 232 300
161 211 239 302
185 211 259 310
188 211 263 310
191 211 265 311
194 211 268 311
200 211 301 314
278 211 341 336
281 211 343 337
284 211 345 337
287 211 347 337
305 211 377 344
308 211 380 344
434 211 452 376
437 211 455 376
440 211 457 377
443 211 459 378
446 211 461 379
449 211 465 379
452 211 467 379
455 211 469 379
68 214 176 274
143 214 225 300
146 214 227 300
152 214 231 302
155 214 233 303
161 214 239 305
164 214 243 305
170 214 247 308
173 214 250 309
200 214 302 315
212 214 318 321
221 214 312 318
257 214 329 334
260 214 331 335
278 214 341 339
281 214 343 340
284 214 344 340
308 214 379 350
437 214 455 378
443 214 458 381
446 214 461 381
449 214 464 381
452 214 467 381
455 214 468 381
458 214 472 383
479 214 490 388
482 214 492 388
65 217 173 277
68 217 176 277
143 217 225 303
146 217 227 303
149 217 229 304
185 217 258 314
191 217 298 312
194 217 298 314
209 217 314 323
212 217 308 317
215 217 311 317
221 217 311 321
254 217 328 336
299 217 365 347
302 217 368 348
305 217 371 348
422 217 439 376
425 217 441 377
446 217 461 384
449 217 464 384
452 217 466 385
455 217 469 385
458 217 471 385
461 217 475 387
476 217 487 391
479 217 490 391
482 217 492 391
485 217 495 391
515 217 507 400
518 217 510 400
521 217 513 400
65 220 173 280
143 220 224 305
146 220 227 305
149 220 230 305
152 220 232 307
155 220 235 307
158 220 238 309
161 220 241 309
182 220 254 316
188 220 295 315
191 220 295 317
209 220 314 325
215 220 318 328
218 220 321 328
221 220 313 320
257 220 331 339
272 220 340 342
275 220 343 342
299 220 365 350
302 220 368 350
305 220 370 350
308 220 373 352
311 220 375 352
452 220 465 387
455 220 468 387
458 220 469 387
473 220 483 392
476 220 487 393
479 220 490 393
482 220 492 393
485 220 494 394
515 220 509 401
518 220 511 402
521 220 513 402
524 220 515 402
56 223 167 280
59 223 169 281
65 223 173 283
68 223 176 283
158 223 238 311
161 223 241 311
182 223 254 319
185 223 294 317
188 223 295 318
191 223 298 317
206 223 311 326
209 223 314 326
218 223 321 330
221 223 324 330
224 223 329 325
287 223 355 349
290 223 358 349
296 223 363 351
299 223 366 352
302 223 369 352
305 223 371 355
308 223 373 355
311 223 376 355
314 223 380 354
317 223 383 354
320 223 387 356
455 223 468 390
458 223 470 390
473 223 483 394
476 223 486 395
479 223 489 395
482 223 492 395
515 223 509 404
518 223 512 404
524 223 515 405
41 226 156 279
44 226 159 280
47 226 161 279
56 226 167 283
59 226 170 283
62 226 172 286
65 226 175 288
68 226 178 288
158 226 241 316
161 226 244 316
164 226 247 316
188 226 295 320
191 226 298 320
209 226 316 330
215 226 319 331
296 226 364 354
299 226 366 354
302 226 369 355
305 226 371 357
308 226 373 358
311 226 376 358
314 226 380 357
317 226 383 359
320 226 386 359
323 226 387 358
458 226 470 393
35 229 150 280
38 229 153 280
41 229 156 282
44 229 159 282
47 229 161 282
56 229 168 285
59 229 170 287
62 229 172 288
65 229 175 290
68 229 178 290
161 229 244 319
167 229 250 319
200 229 308 331
203 229 310 331
278 229 346 180
281 229 348 180
284 229 350 180
296 229 364 356
299 229 367 357
302 229 369 358
305 229 371 359
311 229 376 361
314 229 379 361
317 229 382 361
320 229 386 361
458 229 470 396
497 229 498 403
500 229 501 404
32 232 148 282
35 232 150 283
38 232 153 283
44 232 158 285
47 232 161 285
50 232 163 288
53 232 166 288
56 232 168 288
59 232 170 290
62 232 173 290
65 232 176 292
68 232 179 292
164 232 247 322
245 232 325 346
248 232 328 346
251 232 331 346
281 232 347 183
284 232 350 183
287 232 356 184
311 232 377 363
314 232 381 363
317 232 384 363
494 232 497 405
497 232 499 406
500 232 501 407
503 232 504 407
26 235 142 281
29 235 143 282
32 235 149 284
35 235 151 285
38 235 153 286
44 235 158 288
47 235 160 289
50 235 163 290
53 235 166 291
56 235 168 291
59 235 171 293
62 235 175 294
65 235 178 295
77 235 192 299
248 235 328 348
251 235 331 348
254 235 332 350
257 235 336 350
260 235 338 352
314 235 381 365
317 235 383 365
494 235 497 408
497 235 500 408
500 235 501 410
26 238 144 284
29 238 146 286
32 238 149 287
35 238 151 288
38 238 154 288
41 238 156 289
44 238 158 291
50 238 163 293
53 238 166 293
56 238 170 294
74 238 191 300
245 238 325 351
248 238 328 351
251 238 331 351
254 238 334 352
257 238 335 353
260 238 338 355
284 238 358 361
290 238 364 362
443 238 451 399
446 238 454 399
449 238 456 400
497 238 499 410
23 241 141 287
26 241 144 288
29 241 146 289
32 241 150 290
35 241 152 290
38 241 153 290
47 241 161 295
50 241 163 296
53 241 166 296
56 241 170 297
59 241 173 297
74 241 191 303
107 241 230 313
254 241 334 355
257 241 335 356
260 241 338 357
263 241 341 356
266 241 344 357
287 241 361 364
290 241 364 365
293 241 366 365
443 241 452 401
446 241 454 401
497 241 501 413
515 241 509 417
518 241 511 417
14 244 136 287
17 244 138 288
20 244 138 289
23 244 142 290
26 244 145 290
29 244 146 292
32 244 149 292
35 244 151 292
38 244 152 292
44 244 161 298
53 244 167 300
56 244 172 301
59 244 174 301
62 244 182 303
77 244 195 307
101 244 224 315
104 244 227 315
260 244 338 359
263 244 341 360
266 244 344 360
290 244 365 369
293 244 366 368
296 244 369 368
308 244 376 371
320 244 387 373
323 244 390 373
443 244 452 404
446 244 455 405
449 244 458 405
497 244 501 416
500 244 504 416
503 244 506 417
506 244 507 417
515 244 509 419
518 244 512 420
17 247 137 291
20 247 140 291
29 247 146 295
32 247 149 295
44 247 161 300
47 247 162 300
53 247 169 303
56 247 171 303
59 247 181 305
62 247 184 305
65 247 186 305
89 247 212 314
95 247 216 315
104 247 227 318
254 247 337 362
263 247 341 362
290 247 365 371
293 247 367 371
296 247 369 371
308 247 376 374
311 247 378 374
314 247 380 375
317 247 385 374
443 247 452 407
446 247 454 407
449 247 457 407
497 247 502 419
500 247 504 419
503 247 505 419
506 247 507 420
515 247 510 421
518 247 512 423
521 247 514 423
524 247 516 423
44 250 161 303
47 250 162 303
56 250 178 307
59 250 181 308
62 250 184 308
65 250 186 308
68 250 189 310
80 250 203 315
86 250 209 316
89 250 212 317
92 250 214 317
95 250 217 318
98 250 219 318
101 250 223 320
131 250 246 331
149 250 272 348
152 250 275 348
254 250 337 363
257 250 340 364
269 250 352 367
272 250 354 368
275 250 357 368
290 250 365 374
293 250 368 374
308 250 376 377
311 250 377 377
314 250 380 377
317 250 384 377
320 250 388 377
332 250 393 374
335 250 395 375
443 250 451 409
446 250 454 410
449 250 457 410
497 250 501 421
500 250 504 421
503 250 505 422
506 250 507 422
509 250 510 423
524 250 518 426
527 250 520 427
530 250 522 427
542 250 530 430
20 253 139 298
38 253 157 305
44 253 166 307
47 253 169 307
50 253 172 307
56 253 178 310
59 253 181 310
62 253 184 311
65 253 186 312
68 253 189 313
71 253 192 313
80 253 203 317
83 253 207 318
86 253 209 319
89 253 212 319
92 253 215 319
95 253 217 322
98 253 220 322
101 253 223 323
131 253 246 333
134 253 248 333
254 253 337 365
269 253 351 370
272 253 354 370
275 253 355 371
290 253 365 377
308 253 375 380
311 253 377 380
314 253 381 379
332 253 393 377
335 253 395 378
443 253 451 412
449 253 457 413
500 253 504 424
503 253 506 424
506 253 509 424
509 253 510 425
512 253 513 426
521 253 516 429
524 253 518 429
527 253 522 429
44 256 168 310
47 256 170 310
50 256 172 310
53 256 175 311
56 256 178 313
59 256 181 314
62 256 184 314
65 256 186 315
68 256 190 316
71 256 194 316
74 256 197 318
80 256 203 320
83 256 207 321
86 256 209 322
89 256 212 322
92 256 216 324
95 256 219 324
98 256 220 326
101 256 223 326
104 256 225 326
116 256 239 330
119 256 242 330
128 256 244 336
134 256 249 337
140 256 252 338
254 256 338 368
269 256 352 373
272 256 354 373
275 256 356 373
281 256 359 375
284 256 362 375
305 256 370 382
308 256 374 382
311 256 376 382
314 256 378 384
317 256 381 384
320 256 384 384
332 256 393 380
335 256 395 381
338 256 400 382
395 256 612 232
398 256 614 232
446 256 453 413
503 256 506 427
506 256 508 427
509 256 511 427
512 256 512 428
521 256 516 431
530 256 523 432
539 256 529 434
542 256 532 435
545 256 534 435
47 259 170 312
50 259 173 313
53 259 175 314
56 259 179 317
59 259 181 317
62 259 184 317
65 259 188 319
68 259 191 319
71 259 194 319
74 259 198 320
77 259 201 322
80 259 203 323
83 259 207 324
86 259 209 325
89 259 213 325
95 259 218 328
98 259 220 329
104 259 226 331
107 259 229 332
110 259 233 334
113 259 236 334
116 259 239 334
134 259 249 340
137 259 249 340
140 259 252 340
143 259 254 341
146 259 257 341
260 259 344 373
263 259 347 372
272 259 354 376
275 259 357 376
281 259 358 379
284 259 362 378
308 259 373 385
311 259 376 385
314 259 378 386
317 259 381 386
320 259 384 387
329 259 388 389
332 259 390 389
392 259 613 235
395 259 616 235
398 259 615 235
506 259 508 430
509 259 510 430
512 259 512 430
539 259 529 437
542 259 532 437
545 259 535 438
8 262 137 303
29 262 155 310
32 262 157 309
35 262 160 310
47 262 170 315
50 262 173 315
53 262 176 318
56 262 178 320
59 262 181 320
62 262 184 320
65 262 188 322
68 262 192 322
71 262 194 322
74 262 198 323
77 262 201 324
80 262 204 325
83 262 208 327
86 262 210 327
92 262 217 329
98 262 221 331
104 262 225 334
107 262 229 335
110 262 233 335
113 262 237 336
128 262 244 340
137 262 249 343
140 262 251 344
143 262 255 344
146 262 257 344
149 262 260 344
260 262 344 375
272 262 352 378
281 262 358 381
284 262 360 381
293 262 366 383
296 262 369 383
299 262 370 385
302 262 372 385
311 262 376 388
314 262 380 388
317 262 381 389
320 262 384 390
329 262 388 392
332 262 390 392
458 262 469 422
461 262 472 422
506 262 508 433
509 262 510 433
512 262 512 433
515 262 515 434
518 262 518 434
521 262 521 435
542 262 532 440
545 262 535 440
548 262 537 441
29 265 154 312
32 265 157 312
47 265 170 318
50 265 174 319
53 265 176 319
56 265 178 321
59 265 182 323
62 265 185 323
65 265 189 325
68 265 192 325
71 265 196 326
74 265 199 326
77 265 202 327
80 265 204 327
83 265 208 330
86 265 215 330
98 265 220 335
101 265 223 336
104 265 226 337
107 265 229 337
110 265 233 337
128 265 243 345
131 265 246 345
134 265 249 346
137 265 251 346
140 265 251 347
143 265 254 347
146 265 257 347
149 265 260 347
260 265 344 378
278 265 355 383
281 265 358 383
284 265 360 383
287 265 361 384
290 265 363 385
293 265 366 386
296 265 369 386
299 265 370 388
302 265 372 388
305 265 375 388
329 265 389 395
332 265 390 395
338 265 396 398
341 265 399 397
344 265 402 397
386 265 543 216
488 265 494 432
509 265 510 435
512 265 512 436
515 265 515 436
518 265 518 437
521 265 520 437
545 265 535 444
548 265 539 445
32 268 158 315
35 268 160 315
47 268 170 321
50 268 174 322
53 268 176 322
56 268 180 324
59 268 183 324
62 268 185 325
65 268 187 325
68 268 192 328
71 268 196 329
74 268 199 329
77 268 203 331
80 268 206 331
83 268 209 332
86 268 211 333
89 268 215 333
104 268 226 340
107 268 229 340
110 268 233 340
128 268 243 348
131 268 246 348
134 268 249 348
257 268 343 380
260 268 345 381
281 268 355 386
284 268 359 386
287 268 361 387
290 268 363 388
293 268 366 389
296 268 369 389
338 268 396 400
341 268 400 400
344 268 402 400
386 268 542 218
512 268 512 438
515 268 515 439
518 268 518 440
521 268 520 440
8 271 138 313
32 271 158 319
35 271 160 319
47 271 170 324
50 271 174 325
53 271 176 326
56 271 179 327
62 271 185 329
71 271 197 333
74 271 200 333
77 271 203 333
80 271 206 334
83 271 209 335
86 271 210 336
107 271 230 342
110 271 233 343
128 271 243 350
131 271 247 349
134 271 249 350
137 271 252 352
257 271 343 383
260 271 348 384
278 271 354 388
281 271 357 389
284 271 359 389
287 271 361 389
290 271 363 390
293 271 366 391
296 271 371 391
341 271 402 403
344 271 405 403
389 271 545 219
488 271 495 435
512 271 512 441
515 271 515 441
518 271 518 442
521 271 519 442
8 274 137 316
14 274 143 316
56 274 185 331
59 274 185 330
62 274 186 330
65 274 193 333
71 274 198 336
74 274 200 336
77 274 203 337
80 274 206 337
83 274 209 338
86 274 212 339
89 274 214 340
92 274 217 340
104 274 226 343
107 274 230 344
110 274 233 345
113 274 232 348
122 274 239 350
131 274 248 352
137 274 252 353
140 274 254 354
143 274 257 354
272 274 349 388
281 274 357 391
284 274 359 392
287 274 361 392
290 274 365 393
293 274 368 394
296 274 371 395
389 274 545 222
392 274 549 223
395 274 552 223
467 274 475 432
470 274 479 434
488 274 495 438
491 274 498 438
521 274 519 445
8 277 137 319
11 277 140 319
14 277 143 319
17 277 146 320
20 277 149 320
32 277 160 325
56 277 184 333
59 277 188 335
62 277 189 335
65 277 192 335
71 277 199 339
74 277 202 339
83 277 208 342
86 277 213 344
89 277 213 342
92 277 216 342
95 277 219 343
98 277 222 343
101 277 224 344
104 277 226 345
110 277 232 347
113 277 232 351
122 277 240 352
125 277 244 353
131 277 249 354
137 277 252 356
140 277 255 356
272 277 350 391
275 277 353 392
284 277 359 395
287 277 362 396
290 277 365 397
293 277 368 397
314 277 386 402
323 277 390 403
467 277 477 436
470 277 480 436
488 277 495 441
491 277 498 441
518 277 515 446
524 277 520 448
5 280 133 320
14 280 142 323
17 280 146 323
23 280 153 326
29 280 158 328
32 280 160 328
35 280 163 329
53 280 182 336
56 280 184 336
59 280 188 337
62 280 191 338
68 280 196 340
71 280 198 341
74 280 203 341
80 280 205 345
83 280 208 345
86 280 212 346
89 280 214 345
92 280 216 346
95 280 219 346
98 280 222 346
113 280 232 353
119 280 239 355
122 280 241 355
125 280 244 356
128 280 248 356
137 280 252 359
140 280 253 359
143 280 257 359
152 280 264 363
278 280 356 395
287 280 362 398
290 280 365 398
293 280 368 398
299 280 373 401
311 280 383 405
314 280 386 405
317 280 388 405
467 280 477 439
470 280 478 439
473 280 481 439
476 280 484 439
491 280 498 443
518 280 515 448
521 280 517 449
524 280 520 449
527 280 523 451
530 280 525 451
5 283 137 323
17 283 147 326
20 283 150 329
23 283 153 329
26 283 156 329
29 283 158 331
32 283 161 332
35 283 164 332
38 283 167 332
50 283 178 338
53 283 182 338
56 283 185 338
59 283 188 341
62 283 191 341
65 283 193 341
68 283 196 343
71 283 199 343
74 283 202 343
80 283 206 348
83 283 209 348
86 283 212 348
89 283 214 348
92 283 217 349
95 283 219 349
110 283 232 355
119 283 239 358
122 283 241 359
125 283 244 359
128 283 248 359
137 283 252 361
140 283 253 361
149 283 261 365
152 283 264 366
272 283 353 399
275 283 355 399
278 283 358 399
299 283 375 403
314 283 386 408
317 283 389 408
350 283 413 415
353 283 415 415
404 283 555 225
407 283 557 225
467 283 476 440
470 283 479 441
473 283 481 442
476 283 484 442
479 283 486 442
518 283 515 451
521 283 517 451
530 283 524 453
5 286 137 326
8 286 141 326
17 286 148 331
20 286 151 331
23 286 153 332
29 286 159 334
32 286 161 334
35 286 164 334
38 286 167 335
44 286 176 337
47 286 179 339
53 286 183 341
56 286 185 341
59 286 188 342
62 286 191 345
65 286 193 345
68 286 196 345
71 286 199 346
74 286 202 345
80 286 207 350
83 286 209 350
86 286 212 350
89 286 214 352
92 286 217 352
95 286 220 352
110 286 232 356
113 286 237 358
119 286 240 360
125 286 244 362
137 286 252 364
140 286 253 364
143 286 256 364
146 286 259 368
149 286 261 368
152 286 264 368
155 286 267 369
269 286 351 399
272 286 353 401
275 286 356 402
278 286 358 402
302 286 379 406
347 286 410 418
350 286 412 418
353 286 415 418
356 286 418 418
359 286 597 250
404 286 554 227
470 286 479 444
473 286 482 445
476 286 484 445
479 286 486 445
482 286 489 446
5 289 137 329
8 289 142 329
14 289 145 333
17 289 148 333
20 289 151 334
23 289 154 334
26 289 158 335
29 289 160 336
35 289 165 338
44 289 177 342
47 289 179 342
50 289 181 343
53 289 184 343
56 289 186 344
59 289 188 344
62 289 191 344
65 289 193 348
74 289 202 349
80 289 207 353
83 289 210 353
86 289 211 353
89 289 214 354
92 289 217 353
95 289 220 353
104 289 227 358
107 289 233 360
110 289 235 360
113 289 237 361
116 289 240 362
119 289 243 362
149 289 260 371
152 289 263 371
155 289 266 371
158 289 269 372
176 289 320 378
290 289 370 406
293 289 372 406
296 289 374 406
350 289 412 420
401 289 552 230
404 289 616 272
407 289 619 272
467 289 477 447
470 289 479 447
473 289 482 447
476 289 484 448
479 289 487 449
482 289 489 448
5 292 139 332
8 292 143 334
14 292 147 335
17 292 148 336
20 292 151 336
23 292 155 338
26 292 158 338
29 292 160 339
32 292 163 339
44 292 177 345
47 292 179 345
50 292 182 346
53 292 185 346
59 292 191 350
65 292 193 351
68 292 193 352
71 292 197 351
74 292 198 352
80 292 207 356
83 292 208 356
86 292 211 356
89 292 215 357
92 292 218 357
95 292 220 359
98 292 224 360
101 292 226 360
110 292 235 363
113 292 237 364
116 292 240 365
119 292 243 364
122 292 246 364
146 292 259 374
149 292 261 374
152 292 263 374
155 292 266 375
173 292 319 380
176 292 322 380
179 292 323 381
185 292 331 383
188 292 334 383
290 292 370 410
293 292 372 409
296 292 375 410
299 292 377 411
302 292 378 411
305 292 380 411
308 292 382 412
323 292 396 417
326 292 399 417
329 292 402 417
389 292 598 270
392 292 601 270
395 292 602 270
404 292 616 274
407 292 617 273
410 292 620 273
470 292 480 448
473 292 482 450
476 292 485 450
479 292 487 452
482 292 489 452
8 295 144 337
11 295 146 337
17 295 151 338
20 295 152 339
23 295 155 341
26 295 158 341
29 295 161 341
32 295 163 342
35 295 166 342
50 295 183 349
56 295 185 350
59 295 190 352
68 295 194 354
71 295 197 354
74 295 200 354
77 295 201 355
80 295 206 358
83 295 207 358
86 295 212 359
95 295 221 361
107 295 233 365
146 295 293 389
176 295 322 383
182 295 334 388
185 295 335 387
269 295 352 407
272 295 354 407
290 295 369 412
293 295 372 412
296 295 375 412
308 295 382 415
311 295 385 415
323 295 396 420
326 295 399 421
365 295 598 251
368 295 601 251
470 295 480 451
473 295 482 451
476 295 485 453
479 295 487 454
482 295 488 454
8 298 143 340
11 298 145 340
14 298 148 341
17 298 151 341
20 298 155 343
23 298 156 343
26 298 159 343
29 298 162 345
32 298 163 345
44 298 178 350
47 298 179 351
50 298 182 352
53 298 183 352
59 298 190 355
68 298 194 356
71 298 196 357
74 298 200 360
77 298 201 360
80 298 204 360
83 298 207 361
86 298 210 362
104 298 231 368
107 298 235 368
110 298 237 368
113 298 240 368
116 298 240 368
176 298 326 388
179 298 330 390
182 298 333 390
185 298 335 390
311 298 387 418
323 298 396 423
326 298 399 423
362 298 415 413
365 298 598 254
368 298 601 254
371 298 604 254
374 298 621 265
470 298 480 454
473 298 482 454
476 298 485 454
479 298 487 455
482 298 488 456
485 298 491 456
5 301 141 341
8 301 144 341
11 301 146 342
14 301 149 345
17 301 152 345
20 301 155 345
23 301 157 345
38 301 172 352
44 301 178 353
47 301 179 354
50 301 181 355
53 301 183 355
56 301 184 356
59 301 189 357
62 301 193 358
65 301 195 358
71 301 198 363
74 301 200 362
77 301 202 362
80 301 203 362
83 301 207 363
110 301 236 371
167 301 318 388
170 301 321 388
173 301 324 390
176 301 327 390
179 301 330 391
185 301 336 393
290 301 372 416
293 301 374 417
296 301 377 417
323 301 396 425
326 301 398 427
329 301 401 427
332 301 404 427
371 301 619 268
374 301 620 267
464 301 472 454
467 301 475 454
470 301 478 455
473 301 483 457
476 301 484 458
479 301 487 459
482 301 488 459
485 301 491 459
5 304 141 344
8 304 143 344
11 304 146 345
14 304 149 347
17 304 152 347
20 304 154 348
23 304 158 349
26 304 162 351
38 304 172 355
41 304 174 356
44 304 177 356
47 304 179 357
50 304 182 357
53 304 183 358
59 304 188 360
62 304 192 360
68 304 197 365
71 304 200 365
170 304 310 390
173 304 324 393
176 304 327 393
179 304 329 392
182 304 334 396
185 304 336 396
188 304 339 396
191 304 341 396
275 304 359 416
278 304 361 416
290 304 372 418
293 304 375 419
296 304 377 419
305 304 386 422
314 304 390 427
317 304 393 427
323 304 396 428
326 304 399 429
329 304 402 429
332 304 404 430
368 304 419 421
374 304 436 439
458 304 467 456
461 304 470 457
464 304 474 458
467 304 475 457
470 304 480 460
473 304 482 460
476 304 485 460
479 304 487 461
482 304 489 461
485 304 493 462
8 307 143 347
11 307 146 348
14 307 149 351
17 307 152 351
20 307 155 351
35 307 170 357
38 307 172 357
41 307 175 358
44 307 177 358
59 307 193 363
62 307 193 363
68 307 199 367
71 307 201 367
164 307 306 392
167 307 307 392
170 307 309 392
173 307 310 392
185 307 337 399
188 307 339 399
191 307 333 319
194 307 336 320
197 307 338 320
266 307 353 417
269 307 355 417
272 307 358 417
278 307 361 419
281 307 364 419
284 307 366 421
287 307 368 422
290 307 372 422
293 307 375 422
296 307 377 423
299 307 380 423
302 307 383 425
305 307 386 425
326 307 399 430
332 307 404 432
362 307 413 424
365 307 416 424
368 307 419 423
371 307 433 442
374 307 436 441
458 307 466 458
461 307 469 458
464 307 472 460
467 307 476 461
470 307 478 461
476 307 485 463
479 307 487 463
11 310 148 352
14 310 149 353
17 310 152 354
20 310 155 355
23 310 158 355
26 310 161 355
29 310 164 355
38 310 172 361
41 310 175 361
44 310 177 361
50 310 182 363
53 310 188 366
56 310 191 365
59 310 193 366
68 310 200 370
71 310 202 370
101 310 250 378
164 310 319 393
170 310 310 395
173 310 310 395
179 310 334 400
185 310 337 402
266 310 354 421
269 310 356 421
272 310 359 421
284 310 366 424
287 310 369 425
290 310 371 425
293 310 374 425
296 310 376 426
305 310 385 429
308 310 387 429
320 310 394 432
341 310 408 437
362 310 413 426
365 310 416 426
371 310 432 444
374 310 437 445
377 310 439 445
380 310 442 444
455 310 464 463
461 310 470 462
8 313 144 355
11 313 148 355
20 313 155 358
23 313 158 358
26 313 161 358
53 313 188 368
56 313 191 369
59 313 195 369
98 313 247 381
101 313 250 381
104 313 253 381
110 313 261 384
113 313 264 384
161 313 326 328
164 313 319 398
266 313 354 424
269 313 356 424
272 313 359 424
275 313 362 424
278 313 364 426
287 313 369 428
290 313 371 428
293 313 374 428
296 313 376 428
302 313 381 430
305 313 384 431
308 313 387 431
314 313 391 433
317 313 394 434
335 313 404 439
338 313 406 439
341 313 409 439
344 313 411 440
359 313 410 428
362 313 413 428
365 313 416 428
368 313 418 426
371 313 430 445
374 313 436 446
377 313 439 446
410 313 383 133
461 313 470 464
464 313 472 465
467 313 475 465
470 313 478 466
482 313 489 469
20 316 155 361
23 316 158 361
50 316 187 370
59 316 195 372
80 316 206 383
95 316 244 384
98 316 247 384
101 316 250 383
104 316 253 384
107 316 256 384
110 316 261 387
113 316 264 387
116 316 267 389
119 316 270 389
164 316 319 400
167 316 322 401
170 316 325 401
269 316 356 427
272 316 359 427
275 316 361 427
287 316 370 430
290 316 371 431
293 316 374 431
296 316 376 432
299 316 379 432
302 316 382 433
305 316 384 433
308 316 386 433
314 316 391 436
317 316 394 437
320 316 396 438
338 316 406 442
341 316 408 442
344 316 411 442
380 316 435 437
404 316 372 133
410 316 382 135
413 316 385 135
461 316 470 466
464 316 473 468
467 316 475 468
470 316 478 469
476 316 482 470
482 316 489 472
26 319 167 366
29 319 170 367
32 319 173 367
35 319 177 368
38 319 179 369
47 319 191 372
50 319 192 373
92 319 241 384
95 319 244 384
98 319 247 386
101 319 250 386
104 319 253 387
110 319 261 390
113 319 264 391
116 319 267 391
119 319 270 391
161 319 319 402
164 319 321 402
167 319 324 402
269 319 356 430
272 319 359 430
275 319 361 430
278 319 364 431
287 319 370 435
290 319 373 435
293 319 375 435
299 319 380 436
302 319 382 436
305 319 384 436
308 319 386 436
311 319 390 437
317 319 393 441
320 319 396 441
338 319 405 445
341 319 408 445
344 319 410 445
419 319 395 140
476 319 482 473
29 322 172 370
32 322 176 370
35 322 177 371
41 322 182 372
44 322 188 375
47 322 191 375
50 322 194 375
92 322 241 387
95 322 245 388
98 322 248 388
101 322 250 389
104 322 257 391
107 322 259 392
110 322 261 393
113 322 264 394
116 322 267 394
161 322 319 404
164 322 322 405
272 322 357 431
275 322 361 433
278 322 363 433
287 322 371 437
290 322 373 437
293 322 376 437
302 322 383 439
305 322 385 439
308 322 387 439
311 322 390 439
320 322 396 444
341 322 408 448
344 322 410 448
365 322 419 452
416 322 391 142
419 322 395 143
422 322 398 143
26 325 168 372
29 325 174 372
32 325 176 373
35 325 178 373
38 325 181 373
41 325 184 377
44 325 187 377
47 325 191 377
50 325 194 378
95 325 246 391
98 325 249 391
101 325 252 392
104 325 256 395
107 325 259 395
110 325 262 395
113 325 264 397
116 325 266 398
161 325 319 407
164 325 322 407
167 325 324 407
266 325 355 433
269 325 357 434
287 325 371 440
290 325 374 440
293 325 376 440
296 325 379 440
305 325 385 442
320 325 396 446
344 325 410 451
419 325 395 146
422 325 396 145
434 325 628 352
437 325 632 352
29 328 172 376
32 328 176 376
44 328 189 380
47 328 191 380
50 328 194 380
59 328 209 384
62 328 212 384
77 328 229 390
80 328 232 390
83 328 234 391
86 328 237 392
89 328 240 392
92 328 243 394
95 328 246 394
98 328 249 394
101 328 252 395
104 328 256 398
107 328 259 398
110 328 262 398
113 328 266 397
149 328 308 409
155 328 312 409
230 328 334 429
233 328 337 429
260 328 350 436
263 328 352 436
266 328 355 436
269 328 358 436
272 328 361 437
284 328 369 440
290 328 374 443
293 328 376 443
296 328 379 443
47 331 202 385
50 331 219 381
53 331 222 381
56 331 206 386
59 331 209 387
62 331 212 387
77 331 231 392
80 331 232 393
83 331 235 394
86 331 238 396
89 331 241 396
95 331 248 397
98 331 250 398
101 331 252 398
104 331 256 400
107 331 259 401
110 331 262 400
131 331 297 407
134 331 299 407
146 331 306 412
230 331 335 432
233 331 338 432
263 331 352 439
266 331 355 439
269 331 358 439
275 331 364 441
287 331 371 443
290 331 374 444
293 331 376 445
299 331 381 446
302 331 383 446
305 331 384 446
311 331 388 450
314 331 391 450
317 331 393 450
29 334 190 384
32 334 192 384
44 334 199 387
47 334 202 388
50 334 219 383
53 334 222 383
56 334 225 383
74 334 228 395
77 334 230 395
80 334 234 396
83 334 237 397
86 334 240 397
89 334 241 399
92 334 246 400
95 334 249 400
98 334 252 400
104 334 257 403
107 334 259 403
116 334 283 405
128 334 295 410
131 334 297 410
134 334 300 410
230 334 334 434
269 334 357 442
272 334 361 444
275 334 364 444
287 334 371 446
290 334 374 447
296 334 378 448
299 334 380 449
305 334 383 449
311 334 388 452
314 334 391 452
8 337 165 379
11 337 168 379
14 337 172 381
32 337 192 387
35 337 194 387
47 337 203 390
50 337 205 390
56 337 214 393
74 337 228 398
77 337 231 398
80 337 234 399
83 337 237 400
86 337 240 401
89 337 242 402
92 337 246 403
95 337 249 403
98 337 252 403
101 337 253 404
104 337 257 406
116 337 283 409
119 337 286 410
122 337 288 410
125 337 291 411
128 337 294 412
131 337 297 413
134 337 300 413
266 337 355 445
269 337 357 445
272 337 360 446
275 337 364 447
278 337 365 447
287 337 370 449
290 337 373 449
293 337 375 451
296 337 378 451
299 337 380 451
302 337 381 452
305 337 383 452
308 337 385 455
311 337 388 455
314 337 390 455
5 340 161 381
8 340 165 382
11 340 168 383
14 340 171 383
20 340 178 386
23 340 181 386
26 340 184 387
29 340 187 387
32 340 192 389
35 340 194 390
38 340 197 390
41 340 201 392
50 340 208 395
53 340 212 396
71 340 227 400
74 340 230 400
77 340 232 401
80 340 234 402
83 340 237 404
86 340 240 404
89 340 243 404
92 340 246 405
95 340 249 406
98 340 252 406
110 340 277 410
113 340 281 410
116 340 283 412
119 340 286 412
122 340 288 413
125 340 292 415
128 340 294 416
131 340 297 416
134 340 299 417
143 340 305 418
146 340 306 420
266 340 355 448
269 340 358 448
272 340 360 448
275 340 363 450
278 340 366 450
287 340 371 453
290 340 373 453
293 340 375 454
296 340 378 454
299 340 380 454
302 340 382 455
305 340 384 455
311 340 387 458
314 340 390 458
5 343 160 383
8 343 165 386
11 343 168 386
14 343 171 386
17 343 175 387
20 343 178 389
23 343 181 389
26 343 184 389
29 343 188 391
32 343 192 392
35 343 195 392
38 343 198 393
41 343 200 393
50 343 208 398
53 343 213 398
56 343 215 399
92 343 246 408
95 343 249 409
110 343 278 413
113 343 281 414
116 343 283 415
119 343 286 415
122 343 289 416
125 343 292 418
128 343 294 419
131 343 297 419
134 343 300 419
137 343 302 420
140 343 304 421
143 343 305 421
266 343 355 451
269 343 359 451
272 343 361 452
275 343 363 452
281 343 365 454
284 343 368 454
287 343 371 456
290 343 373 456
293 343 375 456
296 343 378 456
302 343 381 458
305 343 384 458
308 343 384 460
311 343 387 460
335 343 403 465
338 343 406 465
5 346 163 388
8 346 168 389
11 346 168 389
14 346 171 389
17 346 176 391
20 346 179 391
23 346 182 394
26 346 185 394
29 346 188 394
32 346 192 395
35 346 195 395
38 346 198 395
41 346 200 396
44 346 206 400
50 346 211 401
53 346 213 402
56 346 217 402
59 346 220 402
62 346 222 403
65 346 225 403
71 346 234 407
74 346 237 407
107 346 277 415
110 346 280 415
113 346 281 416
116 346 283 418
119 346 287 419
122 346 289 419
125 346 292 421
128 346 295 421
131 346 297 422
134 346 300 422
137 346 302 424
140 346 304 424
143 346 305 424
269 346 359 454
272 346 362 454
275 346 363 455
284 346 369 457
287 346 371 458
290 346 373 459
293 346 375 459
296 346 378 460
299 346 381 460
308 346 383 462
332 346 401 467
335 346 404 467
338 346 406 468
14 349 174 397
17 349 177 397
20 349 180 397
23 349 182 397
26 349 185 397
29 349 188 397
32 349 192 398
35 349 195 398
38 349 199 399
41 349 201 399
44 349 205 402
47 349 208 403
50 349 211 403
53 349 214 404
56 349 217 404
59 349 220 405
71 349 235 409
74 349 239 410
77 349 241 410
104 349 274 418
107 349 277 418
110 349 279 418
113 349 281 419
116 349 284 420
119 349 287 422
122 349 290 422
125 349 292 422
128 349 295 424
131 349 299 425
137 349 302 427
140 349 304 427
143 349 307 427
146 349 309 428
149 349 312 429
266 349 357 457
269 349 360 457
272 349 362 457
275 349 365 457
281 349 366 460
284 349 369 460
287 349 371 460
296 349 378 462
305 349 378 465
308 349 382 464
311 349 386 464
332 349 402 469
335 349 404 470
338 349 406 471
14 352 174 398
17 352 177 398
20 352 180 398
23 352 183 399
26 352 186 399
29 352 189 399
32 352 193 401
35 352 196 401
38 352 199 402
41 352 200 402
44 352 205 405
47 352 208 405
50 352 211 406
53 352 215 406
74 352 239 413
77 352 242 413
104 352 275 421
107 352 277 421
110 352 280 421
116 352 284 424
119 352 287 425
122 352 289 425
125 352 292 425
128 352 295 427
131 352 299 428
140 352 305 430
143 352 306 431
146 352 309 431
149 352 311 432
152 352 314 432
266 352 357 459
269 352 360 460
272 352 363 459
329 352 399 472
332 352 402 473
335 352 405 473
8 355 167 399
11 355 171 399
14 355 174 400
17 355 177 400
20 355 180 400
23 355 183 401
26 355 186 402
29 355 189 403
32 355 193 404
35 355 196 404
38 355 199 405
41 355 202 407
44 355 205 408
47 355 208 408
50 355 211 409
53 355 215 409
68 355 236 413
80 355 246 417
83 355 249 417
101 355 273 423
104 355 275 424
107 355 278 424
110 355 280 424
119 355 287 428
122 355 289 428
125 355 291 429
128 355 294 429
131 355 297 430
134 355 299 431
137 355 301 434
140 355 303 434
143 355 306 434
146 355 309 434
149 355 312 434
269 355 361 462
8 358 168 401
11 358 171 402
14 358 174 402
17 358 177 402
20 358 180 403
23 358 183 404
26 358 187 407
29 358 190 407
32 358 193 408
35 358 197 408
38 358 199 408
41 358 201 411
44 358 205 411
47 358 205 415
50 358 208 415
56 358 226 412
62 358 231 414
68 358 236 415
71 358 240 417
80 358 247 421
83 358 250 421
86 358 253 421
95 358 266 425
98 358 269 425
101 358 273 426
104 358 275 427
107 358 278 427
110 358 280 427
116 358 285 429
119 358 287 430
122 358 289 431
125 358 291 432
128 358 294 432
131 358 297 432
134 358 299 434
137 358 301 435
140 358 304 436
143 358 306 436
146 358 309 436
149 358 311 437
5 361 164 402
8 361 167 403
11 361 171 404
14 361 174 405
17 361 177 405
20 361 180 407
23 361 183 407
26 361 186 409
29 361 190 411
32 361 193 411
35 361 196 411
38 361 199 411
44 361 204 416
47 361 207 416
50 361 208 417
56 361 227 414
59 361 229 415
62 361 231 416
68 361 237 420
71 361 242 421
89 361 259 426
92 361 262 426
98 361 270 429
101 361 273 429
104 361 276 429
107 361 277 431
110 361 279 431
113 361 282 432
116 361 285 432
122 361 289 434
125 361 291 435
128 361 294 435
131 361 295 437
134 361 298 437
137 361 301 438
140 361 304 439
143 361 306 439
146 361 309 439
5 364 165 405
8 364 167 406
11 364 171 408
14 364 174 408
17 364 177 408
20 364 180 411
23 364 183 411
26 364 187 413
29 364 190 413
32 364 193 414
35 364 196 415
38 364 199 418
41 364 202 418
44 364 205 418
47 364 206 419
50 364 208 420
53 364 210 420
56 364 226 419
59 364 229 419
62 364 231 420
65 364 235 422
68 364 238 423
71 364 242 424
74 364 245 425
77 364 247 425
80 364 250 425
86 364 257 429
89 364 259 429
92 364 263 429
95 364 267 431
98 364 270 431
101 364 273 431
104 364 275 433
107 364 277 434
110 364 279 434
113 364 283 434
119 364 283 436
122 364 288 438
125 364 291 438
128 364 293 438
131 364 295 439
134 364 298 440
137 364 301 441
140 364 304 441
143 364 307 442
146 364 310 442
5 367 165 409
8 367 168 409
11 367 171 411
14 367 173 411
17 367 177 414
20 367 180 413
23 367 183 414
26 367 188 417
29 367 190 416
32 367 193 417
35 367 199 418
38 367 200 420
41 367 203 420
44 367 205 421
50 367 216 420
53 367 225 424
56 367 228 425
59 367 231 425
62 367 234 427
65 367 237 427
68 367 240 427
71 367 242 427
74 367 244 428
77 367 248 428
80 367 250 428
86 367 257 432
89 367 260 433
92 367 263 433
95 367 266 433
98 367 270 434
101 367 273 434
104 367 274 436
107 367 277 437
110 367 280 437
116 367 280 438
119 367 283 439
122 367 287 440
125 367 290 441
128 367 292 441
131 367 294 441
134 367 298 443
137 367 301 444
140 367 304 445
143 367 307 445
146 367 310 445
149 367 312 446
5 370 165 412
8 370 167 412
11 370 171 412
14 370 174 415
17 370 176 416
20 370 180 416
23 370 183 416
26 370 188 420
29 370 190 419
32 370 193 420
35 370 197 422
38 370 200 423
41 370 203 423
44 370 205 424
47 370 215 424
50 370 218 424
56 370 228 427
59 370 231 427
62 370 234 428
65 370 237 429
68 370 240 430
71 370 242 430
74 370 245 430
77 370 248 431
80 370 250 430
83 370 253 433
89 370 260 436
92 370 263 436
95 370 266 436
98 370 270 436
101 370 273 437
107 370 275 439
110 370 279 440
113 370 279 441
116 370 280 441
119 370 283 441
122 370 288 443
125 370 290 444
128 370 292 444
131 370 295 445
134 370 298 446
137 370 301 446
140 370 305 447
143 370 307 448
146 370 310 448
149 370 312 449
5 373 165 415
8 373 167 416
11 373 172 418
14 373 174 418
17 373 176 419
20 373 179 419
23 373 182 419
26 373 188 421
29 373 190 423
32 373 193 423
35 373 197 424
38 373 200 424
41 373 203 425
44 373 212 427
47 373 215 427
50 373 218 427
53 373 223 428
56 373 228 430
59 373 231 430
62 373 234 431
65 373 237 432
68 373 240 433
71 373 242 433
74 373 245 433
77 373 248 434
80 373 250 435
83 373 251 436
86 373 253 437
89 373 260 439
92 373 263 439
95 373 266 439
98 373 269 439
101 373 269 441
104 373 272 442
107 373 274 442
116 373 280 443
122 373 288 446
125 373 291 446
128 373 294 447
131 373 296 448
134 373 299 448
137 373 301 449
140 373 304 450
143 373 307 451
146 373 309 451
149 373 312 452
152 373 315 452
5 376 165 418
17 376 176 421
20 376 179 421
23 376 182 422
26 376 183 423
29 376 190 425
32 376 193 426
35 376 197 427
38 376 200 427
47 376 215 430
50 376 220 432
53 376 223 432
56 376 228 433
59 376 231 433
62 376 233 433
65 376 236 435
68 376 238 435
71 376 242 436
74 376 245 436
77 376 247 438
80 376 250 438
83 376 251 439
89 376 256 440
92 376 263 440
95 376 266 440
98 376 267 444
101 376 269 444
104 376 272 444
107 376 275 445
110 376 279 446
113 376 281 447
116 376 284 447
122 376 289 449
125 376 291 450
128 376 294 450
131 376 297 450
134 376 299 451
137 376 302 452
140 376 304 453
143 376 307 454
146 376 310 454
161 376 321 458
164 376 324 458
167 376 327 458
5 379 162 421
8 379 165 421
11 379 174 420
23 379 182 425
26 379 184 425
29 379 190 429
32 379 193 429
35 379 197 430
38 379 200 432
41 379 203 430
44 379 207 431
47 379 216 435
50 379 219 435
53 379 223 435
56 379 227 435
59 379 230 436
62 379 232 437
65 379 236 437
68 379 237 438
71 379 241 440
74 379 244 440
77 379 247 440
83 379 250 443
86 379 252 443
89 379 255 443
92 379 257 443
95 379 264 446
98 379 267 447
101 379 269 447
104 379 272 447
107 379 276 448
110 379 277 449
113 379 279 450
116 379 282 450
122 379 289 452
125 379 292 452
128 379 294 453
131 379 297 454
134 379 300 454
137 379 302 456
140 379 304 456
143 379 307 457
146 379 310 457
161 379 322 461
164 379 325 461
167 379 327 461
5 382 162 424
8 382 166 424
11 382 174 424
14 382 175 424
17 382 176 429
20 382 178 429
23 382 182 428
26 382 184 428
35 382 197 435
38 382 200 435
41 382 203 435
44 382 207 434
47 382 216 437
50 382 219 437
53 382 222 437
56 382 226 439
59 382 230 439
62 382 233 439
65 382 236 440
68 382 238 442
71 382 241 443
74 382 243 444
77 382 246 444
80 382 248 445
83 382 250 446
86 382 252 446
89 382 254 447
92 382 257 447
95 382 264 449
98 382 269 450
101 382 270 450
104 382 273 450
107 382 274 452
110 382 277 452
113 382 279 452
116 382 281 452
119 382 284 453
122 382 289 455
125 382 292 455
128 382 295 457
131 382 297 457
134 382 299 458
137 382 303 458
140 382 305 459
143 382 308 459
146 382 310 460
158 382 320 463
161 382 324 464
164 382 325 464
5 385 161 427
8 385 164 429
11 385 170 429
14 385 172 429
17 385 176 432
20 385 178 432
23 385 182 432
26 385 185 432
32 385 195 437
35 385 197 437
38 385 200 438
41 385 203 438
44 385 207 435
47 385 216 440
50 385 219 440
53 385 222 440
56 385 228 442
59 385 230 442
62 385 233 442
65 385 235 444
68 385 238 445
71 385 241 445
74 385 243 446
77 385 246 447
80 385 249 447
83 385 251 448
89 385 256 450
92 385 259 450
95 385 264 452
98 385 269 453
101 385 270 453
104 385 273 453
107 385 274 454
110 385 277 455
113 385 280 456
116 385 283 456
119 385 285 457
122 385 288 457
125 385 293 459
128 385 295 460
131 385 298 460
134 385 300 460
137 385 302 460
140 385 305 460
143 385 307 462
158 385 320 466
161 385 325 467
164 385 325 467
5 388 161 432
8 388 165 432
11 388 169 432
14 388 172 432
17 388 176 435
20 388 178 435
23 388 182 436
26 388 185 435
32 388 194 440
35 388 197 440
38 388 200 440
41 388 203 440
44 388 213 442
47 388 216 442
50 388 219 443
53 388 222 443
56 388 226 444
59 388 229 445
62 388 232 446
65 388 235 447
68 388 238 447
71 388 240 448
74 388 243 449
77 388 246 449
80 388 249 449
86 388 254 451
89 388 256 453
92 388 260 454
95 388 263 454
98 388 267 455
101 388 269 456
104 388 272 456
107 388 275 456
110 388 277 457
113 388 282 458
116 388 284 460
119 388 286 461
125 388 293 462
128 388 297 462
131 388 297 463
134 388 301 463
137 388 302 463
140 388 308 466
149 388 313 466
5 391 161 435
8 391 164 435
11 391 170 434
14 391 172 436
17 391 175 437
20 391 178 439
23 391 179 439
26 391 183 439
29 391 187 440
32 391 194 442
35 391 197 442
38 391 200 442
41 391 210 444
44 391 213 445
47 391 216 445
50 391 219 446
53 391 222 448
56 391 226 448
59 391 228 448
62 391 231 448
65 391 233 450
68 391 236 451
71 391 240 451
74 391 243 452
77 391 246 451
80 391 249 452
83 391 252 452
86 391 255 456
89 391 258 456
92 391 260 457
95 391 264 458
98 391 267 458
101 391 270 458
104 391 272 459
107 391 275 460
110 391 279 461
113 391 281 463
116 391 284 463
119 391 288 463
125 391 293 465
128 391 297 465
131 391 300 465
134 391 304 467
137 391 307 469
140 391 310 468
143 391 311 468
152 391 316 471
5 394 161 438
8 394 166 439
11 394 168 440
14 394 171 441
17 394 173 440
20 394 176 441
23 394 180 442
26 394 183 442
29 394 187 446
32 394 194 445
35 394 197 445
38 394 200 445
41 394 210 448
44 394 213 448
47 394 216 448
50 394 218 450
53 394 222 451
56 394 226 451
59 394 228 451
62 394 231 451
65 394 233 453
68 394 236 453
71 394 240 454
74 394 243 454
77 394 245 454
80 394 249 454
83 394 253 459
86 394 255 459
89 394 259 459
92 394 261 459
95 394 265 460
98 394 267 461
101 394 270 461
107 394 275 463
113 394 282 465
116 394 286 465
119 394 288 466
122 394 290 466
125 394 295 467
128 394 297 468
131 394 302 470
134 394 306 470
137 394 307 471
140 394 310 471
143 394 311 471
5 397 161 440
8 397 166 442
11 397 168 443
14 397 171 443
17 397 174 443
20 397 174 443
23 397 178 444
29 397 187 449
32 397 190 449
35 397 198 448
41 397 209 450
44 397 213 451
47 397 215 451
50 397 218 453
53 397 220 453
56 397 226 454
59 397 228 454
62 397 230 455
65 397 233 456
68 397 236 456
71 397 240 458
74 397 243 458
77 397 245 457
80 397 249 458
83 397 254 461
86 397 256 461
89 397 259 462
92 397 262 462
95 397 265 463
98 397 268 463
101 397 270 464
107 397 275 466
110 397 280 467
113 397 283 467
116 397 287 467
119 397 289 468
122 397 293 470
125 397 295 470
128 397 300 473
131 397 303 472
134 397 306 472
137 397 308 473
140 397 310 473
5 400 161 443
8 400 166 445
11 400 168 446
14 400 171 446
17 400 177 447
20 400 177 448
23 400 178 448
26 400 185 451
29 400 187 451
32 400 190 452
41 400 209 452
44 400 213 454
47 400 216 455
50 400 218 455
53 400 220 456
56 400 224 458
59 400 226 458
62 400 230 459
65 400 233 459
68 400 237 460
71 400 240 460
74 400 243 461
77 400 246 462
80 400 250 463
83 400 253 464
86 400 257 464
89 400 260 464
92 400 263 465
95 400 266 466
98 400 269 467
101 400 271 467
107 400 275 469
110 400 280 470
113 400 283 470
116 400 286 470
119 400 289 470
122 400 293 474
125 400 296 474
5 403 163 447
8 403 166 448
11 403 168 449
14 403 171 449
17 403 175 450
20 403 178 450
23 403 178 450
26 403 185 454
29 403 188 454
32 403 191 454
35 403 195 454
38 403 197 454
41 403 204 459
44 403 207 459
47 403 209 459
50 403 217 459
53 403 220 459
56 403 224 460
59 403 227 461
62 403 230 462
65 403 234 463
68 403 237 463
71 403 240 463
74 403 244 465
77 403 247 465
80 403 250 465
83 403 253 467
86 403 256 468
89 403 260 468
92 403 263 469
95 403 266 470
98 403 269 470
101 403 271 470
110 403 280 473
113 403 283 473
116 403 286 473
119 403 289 473
5 406 162 450
8 406 166 451
11 406 169 451
14 406 172 452
17 406 175 453
20 406 178 454
23 406 180 455
26 406 185 456
29 406 188 456
32 406 191 456
35 406 195 458
38 406 197 458
41 406 204 461
44 406 206 461
47 406 209 462
50 406 217 462
53 406 220 463
56 406 223 463
59 406 227 464
62 406 230 464
65 406 234 466
68 406 238 467
71 406 241 467
74 406 244 468
77 406 247 468
80 406 250 469
83 406 253 469
86 406 256 471
89 406 260 471
95 406 266 473
98 406 268 473
101 406 271 473
5 409 162 453
8 409 165 454
11 409 169 454
14 409 172 455
17 409 174 456
20 409 178 457
23 409 180 457
26 409 184 457
29 409 183 460
32 409 191 460
35 409 196 459
38 409 197 460
41 409 202 464
44 409 206 463
47 409 209 463
50 409 217 466
53 409 220 466
56 409 223 466
59 409 227 468
62 409 230 468
68 409 238 469
71 409 241 469
74 409 244 471
77 409 247 471
80 409 250 472
83 409 253 473
86 409 257 474
5 412 162 456
8 412 165 456
11 412 169 457
14 412 172 458
17 412 174 460
26 412 181 462
29 412 183 463
32 412 185 464
35 412 187 465
41 412 201 471
44 412 204 470
47 412 209 465
50 412 217 468
53 412 220 468
56 412 223 470
59 412 227 471
62 412 230 471
68 412 239 471
71 412 241 473
74 412 244 474
77 412 247 474
5 415 168 462
17 415 173 462
23 415 178 465
26 415 180 464
29 415 183 466
32 415 185 467
35 415 187 468
38 415 189 467
41 415 201 474
44 415 204 473
47 415 209 469
50 415 217 471
53 415 220 471
56 415 223 473
59 415 226 473
62 415 230 474
5 418 168 465
14 418 170 465
17 418 173 465
20 418 177 466
23 418 178 466
26 418 180 467
32 418 185 470
47 418 208 474
50 418 217 473
53 418 220 473
11 421 165 469
14 421 168 469
17 421 170 470
20 421 173 470
26 421 180 469
29 421 183 469
